"name","weekday","round"
Abraham Bennet,Monday   ,145286
Abraham Bennet,Monday   ,698045
Abraham Bennet,Monday   ,15792754
Abraham Bennet,Monday   ,542924
Abraham Bennet,Monday   ,775606
Abraham Bennet,Monday   ,9332082
Abraham Bennet,Monday   ,8614229
Abraham Bennet,Monday   ,98286
Abraham Bennet,Monday   ,13639197
Abraham Bennet,Monday   ,10049934
Abraham Bennet,Monday   ,194
Abraham Bennet,Monday   ,13639197
Abraham Bennet,Monday   ,174730
Abraham Bennet,Monday   ,10049934
Abraham Bennet,Monday   ,10767787
Abraham Bennet,Monday   ,15074901
Abraham Bennet,Monday   ,152889
Abraham Bennet,Monday   ,211
Abraham Bennet,Monday   ,158
Abraham Bennet,Monday   ,334
Abraham Bennet,Monday   ,54603
Abraham Bennet,Monday   ,194
Abraham Bennet,Monday   ,42
Abraham Bennet,Monday   ,0
Abraham Bennet,Monday   ,88
Abraham Bennet,Monday   ,14357049
Abraham Bennet,Monday   ,0
Abraham Bennet,Monday   ,98286
Abraham Bennet,Monday   ,2868440
Abraham Bennet,Monday   ,0
Abraham Bennet,Monday   ,76444
Abraham Bennet,Monday   ,0
Abraham Bennet,Monday   ,3944106
Abraham Bennet,Monday   ,0
Abraham Bennet,Monday   ,131048
Abraham Bennet,Monday   ,0
Abraham Bennet,Monday   ,176
Abraham Bennet,Monday   ,4302661
Abraham Bennet,Monday   ,0
Abraham Bennet,Monday   ,120127
Abraham Bennet,Monday   ,0
Abraham Bennet,Monday   ,65524
Abraham Bennet,Monday   ,3944106
Abraham Bennet,Monday   ,0
Abraham Bennet,Monday   ,0
Abraham Bennet,Monday   ,131048
Abraham Bennet,Monday   ,0
Abraham Bennet,Monday   ,3585551
Abraham Bennet,Monday   ,76444
Abraham Bennet,Monday   ,0
Abraham Bennet,Monday   ,4302661
Abraham Bennet,Monday   ,0
Abraham Bennet,Monday   ,109206
Abraham Bennet,Monday   ,0
Abraham Bennet,Monday   ,109206
Abraham Bennet,Monday   ,2509885
Abraham Bennet,Monday   ,0
Abraham Bennet,Monday   ,207552
Abraham Bennet,Monday   ,207552
Abraham Bennet,Monday   ,87365
Abraham Bennet,Monday   ,332083
Abraham Bennet,Monday   ,194
Abraham Bennet,Monday   ,3585551
Abraham Bennet,Monday   ,158
Abraham Bennet,Monday   ,249062
Abraham Bennet,Monday   ,131048
Abraham Bennet,Monday   ,290573
Abraham Bennet,Monday   ,399206
Abraham Bennet,Monday   ,290573
Abraham Bennet,Monday   ,332083
Abraham Bennet,Monday   ,324355
Abraham Bennet,Monday   ,1792775
Abraham Bennet,Monday   ,186797
Abraham Bennet,Monday   ,103776
Abraham Bennet,Monday   ,299405
Abraham Bennet,Monday   ,5736881
Abraham Bennet,Monday   ,83021
Abraham Bennet,Monday   ,141
Abraham Bennet,Monday   ,424157
Abraham Bennet,Monday   ,2509885
Abraham Bennet,Monday   ,207552
Abraham Bennet,Monday   ,299405
Abraham Bennet,Monday   ,274454
Abraham Bennet,Monday   ,4302661
Abraham Bennet,Monday   ,269818
Abraham Bennet,Monday   ,299405
Abraham Bennet,Monday   ,332083
Abraham Bennet,Monday   ,158
Abraham Bennet,Monday   ,3944106
Abraham Bennet,Monday   ,290573
Abraham Bennet,Monday   ,387803
Abraham Bennet,Monday   ,548909
Abraham Bennet,Monday   ,2151330
Abraham Bennet,Monday   ,299405
Abraham Bennet,Monday   ,853167
Abraham Bennet,Monday   ,7896377
Abraham Bennet,Monday   ,620485
Abraham Bennet,Monday   ,274454
Abraham Bennet,Monday   ,194
Abraham Bennet,Monday   ,310242
Abraham Bennet,Monday   ,4661216
Abraham Bennet,Monday   ,4307115
Abraham Bennet,Monday   ,387803
Abraham Bennet,Monday   ,474058
Abraham Bennet,Monday   ,10767787
Abraham Bennet,Monday   ,155121
Abraham Bennet,Monday   ,374256
Abraham Bennet,Monday   ,158
Abraham Bennet,Monday   ,387803
Abraham Bennet,Monday   ,10767787
Abraham Bennet,Monday   ,229
Abraham Bennet,Monday   ,106
Abraham Bennet,Monday   ,155121
Abraham Bennet,Monday   ,224554
Abraham Bennet,Monday   ,523958
Abraham Bennet,Monday   ,542924
Abraham Bennet,Monday   ,5024967
Abraham Bennet,Monday   ,232682
Abraham Bennet,Monday   ,299405
Abraham Bennet,Monday   ,542924
Abraham Bennet,Monday   ,542924
Albert Ringer,Monday   ,2215059
Albert Ringer,Monday   ,7314965
Albert Ringer,Monday   ,632874
Albert Ringer,Monday   ,11704512
Albert Ringer,Monday   ,8359960
Albert Ringer,Monday   ,1582185
Albert Ringer,Monday   ,280988
Albert Ringer,Monday   ,2215059
Albert Ringer,Monday   ,455580
Albert Ringer,Monday   ,1898622
Albert Ringer,Monday   ,5224975
Albert Ringer,Monday   ,23409024
Albert Ringer,Monday   ,506200
Albert Ringer,Monday   ,1898622
Albert Ringer,Monday   ,1011095
Albert Ringer,Monday   ,658060
Albert Ringer,Monday   ,1011095
Albert Ringer,Monday   ,18392805
Albert Ringer,Monday   ,2089990
Albert Ringer,Monday   ,337032
Albert Ringer,Monday   ,163909
Albert Ringer,Monday   ,1898622
Albert Ringer,Monday   ,506200
Albert Ringer,Monday   ,1685158
Albert Ringer,Monday   ,404960
Albert Ringer,Monday   ,4179980
Albert Ringer,Monday   ,759300
Albert Ringer,Monday   ,316437
Albert Ringer,Monday   ,20064878
Albert Ringer,Monday   ,374650
Albert Ringer,Monday   ,421481
Albert Ringer,Monday   ,911160
Albert Ringer,Monday   ,210741
Albert Ringer,Monday   ,404960
Albert Ringer,Monday   ,708680
Albert Ringer,Monday   ,253100
Albert Ringer,Monday   ,354340
Albert Ringer,Monday   ,354340
Albert Ringer,Monday   ,1685158
Albert Ringer,Monday   ,327819
Albert Ringer,Monday   ,6269970
Albert Ringer,Monday   ,5224975
Albert Ringer,Monday   ,280988
Albert Ringer,Monday   ,351234
Albert Ringer,Monday   ,1685158
Albert Ringer,Monday   ,1348126
Albert Ringer,Monday   ,7314965
Albert Ringer,Monday   ,4179980
Albert Ringer,Monday   ,18392805
Albert Ringer,Monday   ,6269970
Albert Ringer,Monday   ,303720
Albert Ringer,Monday   ,9404955
Albert Ringer,Monday   ,18392805
Albert Ringer,Monday   ,210741
Albert Ringer,Monday   ,1582185
Albert Ringer,Monday   ,2531497
Albert Ringer,Monday   ,16720732
Albert Ringer,Monday   ,327819
Albert Ringer,Monday   ,1348126
Albert Ringer,Monday   ,16720732
Albert Ringer,Monday   ,506200
Albert Ringer,Monday   ,1685158
Albert Ringer,Monday   ,5224975
Albert Ringer,Monday   ,163909
Albert Ringer,Monday   ,506200
Albert Ringer,Monday   ,234156
Albert Ringer,Monday   ,6269970
Albert Ringer,Monday   ,1044995
Albert Ringer,Monday   ,2531497
Albert Ringer,Monday   ,6269970
Albert Ringer,Monday   ,1348126
Albert Ringer,Monday   ,16720732
Albert Ringer,Monday   ,2359221
Albert Ringer,Monday   ,10032439
Albert Ringer,Monday   ,11704512
Albert Ringer,Monday   ,2215059
Albert Ringer,Monday   ,1265748
Albert Ringer,Monday   ,3033284
Albert Ringer,Monday   ,15048659
Albert Ringer,Monday   ,421481
Albert Ringer,Monday   ,25081098
Albert Ringer,Monday   ,2359221
Albert Ringer,Monday   ,1685158
Albert Ringer,Monday   ,10032439
Albert Ringer,Monday   ,15048659
Albert Ringer,Monday   ,1348126
Albert Ringer,Monday   ,398066
Albert Ringer,Monday   ,1265748
Albert Ringer,Monday   ,210741
Albert Ringer,Monday   ,316437
Ann Dull,Monday   ,2303246
Ann Dull,Monday   ,279460
Ann Dull,Monday   ,230143
Ann Dull,Monday   ,279460
Ann Dull,Monday   ,732572
Ann Dull,Monday   ,2083889
Ann Dull,Monday   ,295898
Ann Dull,Monday   ,1425819
Ann Dull,Monday   ,230143
Ann Dull,Monday   ,1974211
Ann Dull,Monday   ,694016
Ann Dull,Monday   ,2303246
Ann Dull,Monday   ,345215
Ann Dull,Monday   ,279460
Ann Dull,Monday   ,1425819
Ann Dull,Monday   ,312337
Ann Dull,Monday   ,655459
Ann Dull,Monday   ,1645176
Ann Dull,Monday   ,180827
Ann Dull,Monday   ,1754854
Ann Dull,Monday   ,1645176
Ann Dull,Monday   ,732572
Ann Dull,Monday   ,197266
Ann Dull,Monday   ,1535497
Ann Dull,Monday   ,655459
Ann Dull,Monday   ,1316141
Ann Dull,Monday   ,655459
Ann Dull,Monday   ,1754854
Ann Dull,Monday   ,1425819
Ann Dull,Monday   ,771129
Ann Dull,Monday   ,197266
Ann Dull,Monday   ,1754854
Ann Dull,Monday   ,1316141
Ann Dull,Monday   ,694016
Ann Dull,Monday   ,655459
Ann Dull,Monday   ,616903
Ann Dull,Monday   ,345215
Ann Dull,Monday   ,655459
Ann Dull,Monday   ,279460
Ann Dull,Monday   ,963911
Ann Dull,Monday   ,539790
Ann Dull,Monday   ,424121
Ann Dull,Monday   ,616903
Ann Dull,Monday   ,328776
Ann Dull,Monday   ,147949
Anne Ringer,Monday   ,3640360
Anne Ringer,Monday   ,3640360
Anne Ringer,Monday   ,1617938
Anne Ringer,Monday   ,597324
Anne Ringer,Monday   ,2629149
Anne Ringer,Monday   ,3842602
Anne Ringer,Monday   ,2629149
Anne Ringer,Monday   ,3640360
Anne Ringer,Monday   ,3438117
Anne Ringer,Monday   ,3640360
Anne Ringer,Monday   ,318573
Anne Ringer,Monday   ,3842602
Anne Ringer,Monday   ,318573
Anne Ringer,Monday   ,3033633
Anne Ringer,Monday   ,278751
Anne Ringer,Monday   ,2426906
Anne Ringer,Monday   ,4044844
Anne Ringer,Monday   ,557502
Anne Ringer,Monday   ,278751
Anne Ringer,Monday   ,2426906
Anne Ringer,Monday   ,398216
Anne Ringer,Monday   ,238930
Anne Ringer,Monday   ,238930
Anne Ringer,Monday   ,477859
Anne Ringer,Monday   ,318573
Anne Ringer,Monday   ,238930
Anne Ringer,Monday   ,3438117
Anne Ringer,Monday   ,438038
Anne Ringer,Monday   ,358394
Anne Ringer,Monday   ,398216
Burt Gringlesby,Monday   ,7734132
Burt Gringlesby,Monday   ,6629256
Burt Gringlesby,Monday   ,467432
Burt Gringlesby,Monday   ,534208
Burt Gringlesby,Monday   ,567596
Burt Gringlesby,Monday   ,1853050
Burt Gringlesby,Monday   ,6260964
Burt Gringlesby,Monday   ,634372
Burt Gringlesby,Monday   ,734536
Burt Gringlesby,Monday   ,5156088
Burt Gringlesby,Monday   ,1647155
Burt Gringlesby,Monday   ,534208
Burt Gringlesby,Monday   ,1132419
Burt Gringlesby,Monday   ,2946336
Burt Gringlesby,Monday   ,6629256
Burt Gringlesby,Monday   ,4787796
Burt Gringlesby,Monday   ,333880
Burt Gringlesby,Monday   ,1853050
Burt Gringlesby,Monday   ,4787796
Burt Gringlesby,Monday   ,600984
Burt Gringlesby,Monday   ,6629256
Burt Gringlesby,Monday   ,801312
Burt Gringlesby,Monday   ,7365840
Burt Gringlesby,Monday   ,1441261
Burt Gringlesby,Monday   ,4787796
Burt Gringlesby,Monday   ,434044
Burt Gringlesby,Monday   ,567596
Burt Gringlesby,Monday   ,926525
Burt Gringlesby,Monday   ,567596
Burt Gringlesby,Monday   ,5892672
Burt Gringlesby,Monday   ,1955997
Burt Gringlesby,Monday   ,1544208
Burt Gringlesby,Monday   ,5524380
Burt Gringlesby,Monday   ,500820
Burt Gringlesby,Monday   ,367268
Burt Gringlesby,Monday   ,1132419
Burt Gringlesby,Monday   ,1132419
Burt Gringlesby,Monday   ,600984
Burt Gringlesby,Monday   ,6260964
Burt Gringlesby,Monday   ,1750102
Burt Gringlesby,Monday   ,1647155
Burt Gringlesby,Monday   ,1544208
Burt Gringlesby,Monday   ,2367786
Burt Gringlesby,Monday   ,1338314
Burt Gringlesby,Monday   ,5524380
Charlene Locksley,Monday   ,3627943
Charlene Locksley,Monday   ,5566210
Charlene Locksley,Monday   ,3808459
Charlene Locksley,Monday   ,4980293
Charlene Locksley,Monday   ,348029
Charlene Locksley,Monday   ,3090470
Charlene Locksley,Monday   ,2418629
Charlene Locksley,Monday   ,321257
Charlene Locksley,Monday   ,5566210
Charlene Locksley,Monday   ,2284260
Charlene Locksley,Monday   ,1612419
Charlene Locksley,Monday   ,348029
Charlene Locksley,Monday   ,535429
Charlene Locksley,Monday   ,2636626
Charlene Locksley,Monday   ,481886
Charlene Locksley,Monday   ,428343
Charlene Locksley,Monday   ,1746787
Charlene Locksley,Monday   ,4687334
Charlene Locksley,Monday   ,321257
Charlene Locksley,Monday   ,2284260
Charlene Locksley,Monday   ,294486
Charlene Locksley,Monday   ,428343
Charlene Locksley,Monday   ,5859168
Charlene Locksley,Monday   ,5273251
Charlene Locksley,Monday   ,6445085
Charlene Locksley,Monday   ,374800
Charlene Locksley,Monday   ,294486
Charlene Locksley,Monday   ,508657
Charlene Locksley,Monday   ,1746787
Charlene Locksley,Monday   ,2284260
Charlene Locksley,Monday   ,3808459
Charlene Locksley,Monday   ,2418629
Charlene Locksley,Monday   ,2284260
Charlene Locksley,Monday   ,5566210
Charlene Locksley,Monday   ,537473
Charlene Locksley,Monday   ,2929584
Charlene Locksley,Monday   ,2284260
Charlene Locksley,Monday   ,481886
Charlene Locksley,Monday   ,2418629
Charlene Locksley,Monday   ,3222542
Charlene Locksley,Monday   ,1478051
Charlene Locksley,Monday   ,455114
Charlene Locksley,Monday   ,294486
Charlene Locksley,Monday   ,4394376
Charlene Locksley,Monday   ,5273251
Cheryl Carson,Monday   ,6003736
Cheryl Carson,Monday   ,2610320
Cheryl Carson,Monday   ,4959608
Cheryl Carson,Monday   ,3132384
Cheryl Carson,Monday   ,3393416
Cheryl Carson,Monday   ,3393416
Cheryl Carson,Monday   ,3654448
Cheryl Carson,Monday   ,4959608
Cheryl Carson,Monday   ,4698576
Cheryl Carson,Monday   ,5220640
Cheryl Carson,Monday   ,4176512
Cheryl Carson,Monday   ,4698576
Cheryl Carson,Monday   ,1827224
Cheryl Carson,Monday   ,4176512
Cheryl Carson,Monday   ,3915480
Cheryl Carson,Monday   ,274280
Cheryl Carson,Monday   ,274280
Cheryl Carson,Monday   ,299215
Cheryl Carson,Monday   ,149607
Cheryl Carson,Monday   ,149607
Cheryl Carson,Monday   ,324150
Cheryl Carson,Monday   ,224411
Cheryl Carson,Monday   ,274280
Cheryl Carson,Monday   ,249346
Cheryl Carson,Monday   ,199477
Cheryl Carson,Monday   ,274280
Cheryl Carson,Monday   ,374019
Cheryl Carson,Monday   ,174542
Cheryl Carson,Monday   ,349084
Cheryl Carson,Monday   ,523626
Cheryl Carson,Monday   ,785723
Cheryl Carson,Monday   ,1335728
Cheryl Carson,Monday   ,785723
Cheryl Carson,Monday   ,864295
Cheryl Carson,Monday   ,864295
Cheryl Carson,Monday   ,707150
Cheryl Carson,Monday   ,942867
Cheryl Carson,Monday   ,1100012
Cheryl Carson,Monday   ,1257156
Cheryl Carson,Monday   ,785723
Cheryl Carson,Monday   ,864295
Cheryl Carson,Monday   ,864295
Cheryl Carson,Monday   ,550006
Cheryl Carson,Monday   ,864295
Cheryl Carson,Monday   ,471434
Dean Straight,Monday   ,2471823
Dean Straight,Monday   ,18782
Dean Straight,Monday   ,1977458
Dean Straight,Monday   ,6261
Dean Straight,Monday   ,1483094
Dean Straight,Monday   ,2732886
Dean Straight,Monday   ,12522
Dean Straight,Monday   ,2699200
Dean Straight,Monday   ,4898851
Dean Straight,Monday   ,21913
Dean Straight,Monday   ,25043
Dean Straight,Monday   ,2449426
Dean Straight,Monday   ,4386200
Dean Straight,Monday   ,12522
Dean Straight,Monday   ,1632950
Dean Straight,Monday   ,28174
Dean Straight,Monday   ,2449426
Dean Straight,Monday   ,2102220
Dean Straight,Monday   ,4898851
Dean Straight,Monday   ,4048800
Dean Straight,Monday   ,1471554
Dean Straight,Monday   ,3036600
Dean Straight,Monday   ,4048800
Dean Straight,Monday   ,12522
Dean Straight,Monday   ,4386200
Dean Straight,Monday   ,4898851
Dean Straight,Monday   ,3573774
Dean Straight,Monday   ,2102220
Dean Straight,Monday   ,5715326
Dean Straight,Monday   ,5735800
Dean Straight,Monday   ,2943108
Dean Straight,Monday   ,4723600
Dean Straight,Monday   ,9391
Dean Straight,Monday   ,1471554
Dean Straight,Monday   ,5061000
Dean Straight,Monday   ,3954916
Dean Straight,Monday   ,4898851
Dean Straight,Monday   ,3153330
Dean Straight,Monday   ,5715326
Dean Straight,Monday   ,2312442
Dean Straight,Monday   ,7348277
Dean Straight,Monday   ,1977458
Dean Straight,Monday   ,9391
Dean Straight,Monday   ,2471823
Dean Straight,Monday   ,2102220
Dean Straight,Monday   ,2719005
Dean Straight,Monday   ,4082376
Dean Straight,Monday   ,18782
Dean Straight,Monday   ,4082376
Dean Straight,Monday   ,3711400
Dean Straight,Monday   ,4082376
Dean Straight,Monday   ,2966187
Dean Straight,Monday   ,1891998
Dean Straight,Monday   ,2719005
Dean Straight,Monday   ,3036600
Dean Straight,Monday   ,840888
Dean Straight,Monday   ,2966187
Dean Straight,Monday   ,2224640
Dean Straight,Monday   ,25043
Dean Straight,Monday   ,2102220
Dean Straight,Monday   ,3036600
Dean Straight,Monday   ,3363552
Dean Straight,Monday   ,3707734
Dean Straight,Monday   ,2449426
Dean Straight,Monday   ,3036600
Dean Straight,Monday   ,12522
Dean Straight,Monday   ,1483094
Dean Straight,Monday   ,28174
Dean Straight,Monday   ,2312442
Dean Straight,Monday   ,2361800
Dean Straight,Monday   ,2224640
Dean Straight,Monday   ,34434
Dean Straight,Monday   ,2224640
Dean Straight,Monday   ,3265901
Dean Straight,Monday   ,4048800
Dirk Stringer,Monday   ,58343828
Dirk Stringer,Monday   ,0
Dirk Stringer,Monday   ,0
Dirk Stringer,Monday   ,37127891
Dirk Stringer,Monday   ,0
Dirk Stringer,Monday   ,50387852
Dirk Stringer,Monday   ,0
Dirk Stringer,Monday   ,0
Dirk Stringer,Monday   ,0
Dirk Stringer,Monday   ,45083867
Dirk Stringer,Monday   ,45083867
Dirk Stringer,Monday   ,0
Dirk Stringer,Monday   ,10885124
Dirk Stringer,Monday   ,37127891
Dirk Stringer,Monday   ,0
Dirk Stringer,Monday   ,9433774
Dirk Stringer,Monday   ,8708099
Dirk Stringer,Monday   ,7256750
Dirk Stringer,Monday   ,42431875
Dirk Stringer,Monday   ,5079725
Dirk Stringer,Monday   ,10885124
Dirk Stringer,Monday   ,42431875
Dirk Stringer,Monday   ,0
Dirk Stringer,Monday   ,0
Dirk Stringer,Monday   ,7982424
Dirk Stringer,Monday   ,7256750
Dirk Stringer,Monday   ,34475899
Dirk Stringer,Monday   ,0
Dirk Stringer,Monday   ,5805400
Dirk Stringer,Monday   ,42431875
Dirk Stringer,Monday   ,4354050
Dirk Stringer,Monday   ,21215938
Dirk Stringer,Monday   ,45083867
Dirk Stringer,Monday   ,42431875
Dirk Stringer,Monday   ,10159449
Dirk Stringer,Monday   ,0
Dirk Stringer,Monday   ,6531075
Dirk Stringer,Monday   ,0
Dirk Stringer,Monday   ,45083867
Dirk Stringer,Monday   ,0
Dirk Stringer,Monday   ,53039844
Dirk Stringer,Monday   ,7256750
Dirk Stringer,Monday   ,0
Dirk Stringer,Monday   ,8708099
Dirk Stringer,Monday   ,7256750
Heather McBadden,Monday   ,2683750
Heather McBadden,Monday   ,5952765
Heather McBadden,Monday   ,1341875
Heather McBadden,Monday   ,3571659
Heather McBadden,Monday   ,805125
Heather McBadden,Monday   ,7143318
Heather McBadden,Monday   ,10233750
Heather McBadden,Monday   ,8333871
Heather McBadden,Monday   ,268375
Heather McBadden,Monday   ,10233750
Heather McBadden,Monday   ,2381106
Heather McBadden,Monday   ,1878625
Heather McBadden,Monday   ,805125
Heather McBadden,Monday   ,14327250
Heather McBadden,Monday   ,12280500
Heather McBadden,Monday   ,805125
Heather McBadden,Monday   ,8187000
Heather McBadden,Monday   ,9524424
Heather McBadden,Monday   ,4762212
Heather McBadden,Monday   ,8333871
Heather McBadden,Monday   ,312768
Heather McBadden,Monday   ,156384
Heather McBadden,Monday   ,1878625
Heather McBadden,Monday   ,547344
Heather McBadden,Monday   ,78192
Heather McBadden,Monday   ,536750
Heather McBadden,Monday   ,469152
Heather McBadden,Monday   ,234576
Heather McBadden,Monday   ,234576
Heather McBadden,Monday   ,13303875
Heather McBadden,Monday   ,4762212
Heather McBadden,Monday   ,11257125
Heather McBadden,Monday   ,312768
Heather McBadden,Monday   ,234576
Heather McBadden,Monday   ,390960
Heather McBadden,Monday   ,14327250
Heather McBadden,Monday   ,4762212
Heather McBadden,Monday   ,625536
Heather McBadden,Monday   ,860112
Heather McBadden,Monday   ,390960
Heather McBadden,Monday   ,14327250
Heather McBadden,Monday   ,469152
Heather McBadden,Monday   ,860112
Heather McBadden,Monday   ,91440
Heather McBadden,Monday   ,12280500
Heather McBadden,Monday   ,100584
Heather McBadden,Monday   ,2381106
Heather McBadden,Monday   ,146304
Heather McBadden,Monday   ,146304
Heather McBadden,Monday   ,8187000
Heather McBadden,Monday   ,118872
Heather McBadden,Monday   ,173736
Heather McBadden,Monday   ,137160
Heather McBadden,Monday   ,2147000
Heather McBadden,Monday   ,118872
Heather McBadden,Monday   ,109728
Heather McBadden,Monday   ,118872
Heather McBadden,Monday   ,1190553
Heather McBadden,Monday   ,128016
Heather McBadden,Monday   ,128016
Heather McBadden,Monday   ,118872
Heather McBadden,Monday   ,13303875
Heather McBadden,Monday   ,268375
Heather McBadden,Monday   ,219456
Heather McBadden,Monday   ,128016
Heather McBadden,Monday   ,1341875
Heather McBadden,Monday   ,1341875
Heather McBadden,Monday   ,9524424
Heather McBadden,Monday   ,1073500
Heather McBadden,Monday   ,12280500
Heather McBadden,Monday   ,14327250
Heather McBadden,Monday   ,5952765
Heather McBadden,Monday   ,1341875
Heather McBadden,Monday   ,8187000
Heather McBadden,Monday   ,10714977
Innes del Castillo,Monday   ,287169
Innes del Castillo,Monday   ,17244341
Innes del Castillo,Monday   ,3306660
Innes del Castillo,Monday   ,4473716
Innes del Castillo,Monday   ,2334113
Innes del Castillo,Monday   ,3501169
Innes del Castillo,Monday   ,3501169
Innes del Castillo,Monday   ,2334113
Innes del Castillo,Monday   ,3112151
Innes del Castillo,Monday   ,4668226
Innes del Castillo,Monday   ,4084698
Innes del Castillo,Monday   ,391594
Innes del Castillo,Monday   ,1945094
Innes del Castillo,Monday   ,548232
Innes del Castillo,Monday   ,443807
Innes del Castillo,Monday   ,522125
Innes del Castillo,Monday   ,365488
Innes del Castillo,Monday   ,417700
Innes del Castillo,Monday   ,443807
Innes del Castillo,Monday   ,234956
Innes del Castillo,Monday   ,469913
Innes del Castillo,Monday   ,365488
Innes del Castillo,Monday   ,391594
Innes del Castillo,Monday   ,391594
Innes del Castillo,Monday   ,365488
Innes del Castillo,Monday   ,313275
Innes del Castillo,Monday   ,3112151
Innes del Castillo,Monday   ,2917641
Innes del Castillo,Monday   ,1945094
Innes del Castillo,Monday   ,3501169
Innes del Castillo,Monday   ,1556075
Innes del Castillo,Monday   ,17244341
Innes del Castillo,Monday   ,19059535
Innes del Castillo,Monday   ,10891163
Innes del Castillo,Monday   ,13613954
Innes del Castillo,Monday   ,12706357
Innes del Castillo,Monday   ,19967132
Innes del Castillo,Monday   ,12706357
Innes del Castillo,Monday   ,11798760
Innes del Castillo,Monday   ,19059535
Innes del Castillo,Monday   ,12706357
Innes del Castillo,Monday   ,9075969
Innes del Castillo,Monday   ,8168372
Innes del Castillo,Monday   ,12706357
Innes del Castillo,Monday   ,11798760
Johnson White,Monday   ,997839
Johnson White,Monday   ,100394
Johnson White,Monday   ,3915249
Johnson White,Monday   ,1202958
Johnson White,Monday   ,2740674
Johnson White,Monday   ,1202958
Johnson White,Monday   ,3132199
Johnson White,Monday   ,5089824
Johnson White,Monday   ,2349149
Johnson White,Monday   ,2349149
Johnson White,Monday   ,1061434
Johnson White,Monday   ,1441323
Johnson White,Monday   ,1108710
Johnson White,Monday   ,831533
Johnson White,Monday   ,1108710
Johnson White,Monday   ,665226
Johnson White,Monday   ,50197
Johnson White,Monday   ,990672
Johnson White,Monday   ,1385888
Johnson White,Monday   ,942404
Johnson White,Monday   ,1061434
Johnson White,Monday   ,942404
Johnson White,Monday   ,1053275
Johnson White,Monday   ,1061434
Johnson White,Monday   ,250984
Johnson White,Monday   ,609791
Johnson White,Monday   ,942404
Johnson White,Monday   ,1486007
Johnson White,Monday   ,125492
Johnson White,Monday   ,1415245
Johnson White,Monday   ,886968
Johnson White,Monday   ,720662
Johnson White,Monday   ,1385888
Johnson White,Monday   ,1627532
Johnson White,Monday   ,3915249
Johnson White,Monday   ,25098
Johnson White,Monday   ,125492
Johnson White,Monday   ,175689
Johnson White,Monday   ,125492
Johnson White,Monday   ,25098
Johnson White,Monday   ,100394
Johnson White,Monday   ,125492
Johnson White,Monday   ,125492
Johnson White,Monday   ,75295
Johnson White,Monday   ,75295
Johnson White,Monday   ,250984
Johnson White,Monday   ,55998
Johnson White,Monday   ,335988
Johnson White,Monday   ,559980
Johnson White,Monday   ,391986
Johnson White,Monday   ,279990
Johnson White,Monday   ,167994
Johnson White,Monday   ,279990
Johnson White,Monday   ,279990
Johnson White,Monday   ,167994
Johnson White,Monday   ,391986
Johnson White,Monday   ,335988
Johnson White,Monday   ,223992
Johnson White,Monday   ,335988
Johnson White,Monday   ,223992
Johnson White,Monday   ,55998
Johnson White,Monday   ,1344483
Johnson White,Monday   ,1202958
Johnson White,Monday   ,5089824
Johnson White,Monday   ,4698299
Johnson White,Monday   ,1132196
Johnson White,Monday   ,2349149
Johnson White,Monday   ,7438973
Johnson White,Monday   ,1556770
Johnson White,Monday   ,1132196
Johnson White,Monday   ,2740674
Johnson White,Monday   ,5089824
Johnson White,Monday   ,2349149
Johnson White,Monday   ,5481349
Johnson White,Monday   ,1486007
Livia Karsen,Monday   ,3639854
Livia Karsen,Monday   ,9099635
Livia Karsen,Monday   ,1259517
Livia Karsen,Monday   ,9099635
Livia Karsen,Monday   ,212040
Livia Karsen,Monday   ,9099635
Livia Karsen,Monday   ,137826
Livia Karsen,Monday   ,9099635
Livia Karsen,Monday   ,1511420
Livia Karsen,Monday   ,503807
Livia Karsen,Monday   ,1007613
Livia Karsen,Monday   ,106020
Livia Karsen,Monday   ,1763323
Livia Karsen,Monday   ,53010
Livia Karsen,Monday   ,190836
Livia Karsen,Monday   ,137826
Livia Karsen,Monday   ,1259517
Livia Karsen,Monday   ,1259517
Livia Karsen,Monday   ,7279708
Livia Karsen,Monday   ,7279708
Livia Karsen,Monday   ,159030
Livia Karsen,Monday   ,1007613
Livia Karsen,Monday   ,5459781
Livia Karsen,Monday   ,137826
Livia Karsen,Monday   ,148428
Livia Karsen,Monday   ,190836
Livia Karsen,Monday   ,7279708
Livia Karsen,Monday   ,9099635
Livia Karsen,Monday   ,1511420
Livia Karsen,Monday   ,3639854
Livia Karsen,Monday   ,7279708
Livia Karsen,Monday   ,1007613
Livia Karsen,Monday   ,10919562
Livia Karsen,Monday   ,2519033
Livia Karsen,Monday   ,1511420
Livia Karsen,Monday   ,1511420
Livia Karsen,Monday   ,137826
Livia Karsen,Monday   ,5459781
Livia Karsen,Monday   ,212040
Livia Karsen,Monday   ,169632
Livia Karsen,Monday   ,1007613
Livia Karsen,Monday   ,503807
Livia Karsen,Monday   ,7279708
Livia Karsen,Monday   ,116622
Livia Karsen,Monday   ,116622
Marjorie Green,Monday   ,5893517
Marjorie Green,Monday   ,150768
Marjorie Green,Monday   ,4160129
Marjorie Green,Monday   ,0
Marjorie Green,Monday   ,0
Marjorie Green,Monday   ,4853484
Marjorie Green,Monday   ,0
Marjorie Green,Monday   ,6586872
Marjorie Green,Monday   ,0
Marjorie Green,Monday   ,3813452
Marjorie Green,Monday   ,6586872
Marjorie Green,Monday   ,5893517
Marjorie Green,Monday   ,263844
Marjorie Green,Monday   ,1154108
Marjorie Green,Monday   ,6933549
Marjorie Green,Monday   ,3813452
Marjorie Green,Monday   ,138204
Marjorie Green,Monday   ,1000227
Marjorie Green,Monday   ,1307989
Marjorie Green,Monday   ,125640
Marjorie Green,Monday   ,1000227
Marjorie Green,Monday   ,769405
Marjorie Green,Monday   ,846346
Marjorie Green,Monday   ,125640
Marjorie Green,Monday   ,163332
Marjorie Green,Monday   ,1384929
Marjorie Green,Monday   ,201024
Marjorie Green,Monday   ,0
Marjorie Green,Monday   ,3813452
Marjorie Green,Monday   ,0
Marjorie Green,Monday   ,1384929
Marjorie Green,Monday   ,226152
Marjorie Green,Monday   ,1077167
Marjorie Green,Monday   ,0
Marjorie Green,Monday   ,6933549
Marjorie Green,Monday   ,769405
Marjorie Green,Monday   ,0
Marjorie Green,Monday   ,1538810
Marjorie Green,Monday   ,3120097
Marjorie Green,Monday   ,226152
Marjorie Green,Monday   ,163332
Marjorie Green,Monday   ,0
Marjorie Green,Monday   ,1231048
Marjorie Green,Monday   ,226152
Marjorie Green,Monday   ,163332
Marjorie Green,Monday   ,0
Marjorie Green,Monday   ,1307989
Marjorie Green,Monday   ,1307989
Marjorie Green,Monday   ,150768
Marjorie Green,Monday   ,0
Marjorie Green,Monday   ,213588
Marjorie Green,Monday   ,188460
Marjorie Green,Monday   ,1077167
Marjorie Green,Monday   ,6933549
Marjorie Green,Monday   ,0
Marjorie Green,Monday   ,0
Marjorie Green,Monday   ,4853484
Marjorie Green,Monday   ,0
Marjorie Green,Monday   ,3466775
Marjorie Green,Monday   ,0
Meander Smith,Monday   ,21641
Meander Smith,Monday   ,3509760
Meander Smith,Monday   ,2456832
Meander Smith,Monday   ,2807808
Meander Smith,Monday   ,2105856
Meander Smith,Monday   ,3860736
Meander Smith,Monday   ,3860736
Meander Smith,Monday   ,2105856
Meander Smith,Monday   ,3158784
Meander Smith,Monday   ,3158784
Meander Smith,Monday   ,3509760
Meander Smith,Monday   ,4913664
Meander Smith,Monday   ,3509760
Meander Smith,Monday   ,4913664
Meander Smith,Monday   ,2807808
Meander Smith,Monday   ,2807808
Meander Smith,Monday   ,167153
Meander Smith,Monday   ,104471
Meander Smith,Monday   ,208941
Meander Smith,Monday   ,125365
Meander Smith,Monday   ,167153
Meander Smith,Monday   ,83577
Meander Smith,Monday   ,146259
Meander Smith,Monday   ,125365
Meander Smith,Monday   ,41788
Meander Smith,Monday   ,146259
Meander Smith,Monday   ,167153
Meander Smith,Monday   ,41788
Meander Smith,Monday   ,62682
Meander Smith,Monday   ,104471
Meander Smith,Monday   ,125365
Meander Smith,Monday   ,21641
Meander Smith,Monday   ,97386
Meander Smith,Monday   ,75745
Meander Smith,Monday   ,86565
Meander Smith,Monday   ,21641
Meander Smith,Monday   ,10821
Meander Smith,Monday   ,64924
Meander Smith,Monday   ,43283
Meander Smith,Monday   ,21641
Meander Smith,Monday   ,108207
Meander Smith,Monday   ,64924
Meander Smith,Monday   ,75745
Meander Smith,Monday   ,64924
Meander Smith,Monday   ,75745
Michael O'Leary,Monday   ,128229
Michael O'Leary,Monday   ,0
Michael O'Leary,Monday   ,0
Michael O'Leary,Monday   ,0
Michael O'Leary,Monday   ,0
Michael O'Leary,Monday   ,10329024
Michael O'Leary,Monday   ,6886016
Michael O'Leary,Monday   ,0
Michael O'Leary,Monday   ,0
Michael O'Leary,Monday   ,10329024
Michael O'Leary,Monday   ,13772032
Michael O'Leary,Monday   ,0
Michael O'Leary,Monday   ,0
Michael O'Leary,Monday   ,0
Michael O'Leary,Monday   ,5164512
Michael O'Leary,Monday   ,100751
Michael O'Leary,Monday   ,0
Michael O'Leary,Monday   ,7746768
Michael O'Leary,Monday   ,192343
Michael O'Leary,Monday   ,128229
Michael O'Leary,Monday   ,0
Michael O'Leary,Monday   ,4303760
Michael O'Leary,Monday   ,0
Michael O'Leary,Monday   ,164866
Michael O'Leary,Monday   ,146547
Michael O'Leary,Monday   ,128229
Michael O'Leary,Monday   ,91592
Michael O'Leary,Monday   ,10329024
Michael O'Leary,Monday   ,146547
Michael O'Leary,Monday   ,7746768
Michael O'Leary,Monday   ,137388
Michael O'Leary,Monday   ,0
Michael O'Leary,Monday   ,109910
Michael O'Leary,Monday   ,0
Michael O'Leary,Monday   ,119070
Michael O'Leary,Monday   ,0
Michael O'Leary,Monday   ,183184
Michael O'Leary,Monday   ,11189776
Michael O'Leary,Monday   ,0
Michael O'Leary,Monday   ,164866
Michael O'Leary,Monday   ,0
Michael O'Leary,Monday   ,0
Michael O'Leary,Monday   ,155706
Michael O'Leary,Monday   ,0
Michael O'Leary,Monday   ,0
Michael O'Leary,Monday   ,0
Michael O'Leary,Monday   ,0
Michael O'Leary,Monday   ,0
Michael O'Leary,Monday   ,14632785
Michael O'Leary,Monday   ,0
Michael O'Leary,Monday   ,6886016
Michael O'Leary,Monday   ,0
Michael O'Leary,Monday   ,0
Michael O'Leary,Monday   ,0
Michael O'Leary,Monday   ,11189776
Michael O'Leary,Monday   ,8607520
Michael O'Leary,Monday   ,0
Michael O'Leary,Monday   ,6886016
Michael O'Leary,Monday   ,0
Michael O'Leary,Monday   ,0
Michel DeFrance,Monday   ,11339966
Michel DeFrance,Monday   ,12284964
Michel DeFrance,Monday   ,401405
Michel DeFrance,Monday   ,12284964
Michel DeFrance,Monday   ,326142
Michel DeFrance,Monday   ,275966
Michel DeFrance,Monday   ,11339966
Michel DeFrance,Monday   ,17954947
Michel DeFrance,Monday   ,16064952
Michel DeFrance,Monday   ,18911588
Michel DeFrance,Monday   ,21734936
Michel DeFrance,Monday   ,326142
Michel DeFrance,Monday   ,9449972
Michel DeFrance,Monday   ,17799142
Michel DeFrance,Monday   ,14174958
Michel DeFrance,Monday   ,476669
Michel DeFrance,Monday   ,15119955
Michel DeFrance,Monday   ,13229961
Michel DeFrance,Monday   ,526844
Michel DeFrance,Monday   ,15574249
Michel DeFrance,Monday   ,14174958
Michel DeFrance,Monday   ,17799142
Michel DeFrance,Monday   ,501757
Michel DeFrance,Monday   ,16064952
Michel DeFrance,Monday   ,16064952
Michel DeFrance,Monday   ,25586267
Michel DeFrance,Monday   ,401405
Michel DeFrance,Monday   ,16686696
Michel DeFrance,Monday   ,12236910
Michel DeFrance,Monday   ,16686696
Michel DeFrance,Monday   ,426493
Michel DeFrance,Monday   ,24473820
Michel DeFrance,Monday   ,376317
Michel DeFrance,Monday   ,13229961
Michel DeFrance,Monday   ,275966
Michel DeFrance,Monday   ,225790
Michel DeFrance,Monday   ,18911588
Michel DeFrance,Monday   ,12236910
Michel DeFrance,Monday   ,451581
Michel DeFrance,Monday   ,18911588
Michel DeFrance,Monday   ,476669
Michel DeFrance,Monday   ,14461803
Michel DeFrance,Monday   ,14461803
Michel DeFrance,Monday   ,401405
Michel DeFrance,Monday   ,14461803
Morningstar Greene,Monday   ,283982
Morningstar Greene,Monday   ,393206
Morningstar Greene,Monday   ,349517
Morningstar Greene,Monday   ,327672
Morningstar Greene,Monday   ,349517
Morningstar Greene,Monday   ,480586
Morningstar Greene,Monday   ,502430
Morningstar Greene,Monday   ,196603
Morningstar Greene,Monday   ,327672
Morningstar Greene,Monday   ,283982
Morningstar Greene,Monday   ,349517
Morningstar Greene,Monday   ,502430
Morningstar Greene,Monday   ,371362
Morningstar Greene,Monday   ,327672
Morningstar Greene,Monday   ,262138
Morningstar Greene,Monday   ,1689885
Morningstar Greene,Monday   ,1126590
Morningstar Greene,Monday   ,1126590
Morningstar Greene,Monday   ,3379770
Morningstar Greene,Monday   ,2253180
Morningstar Greene,Monday   ,2816475
Morningstar Greene,Monday   ,2816475
Morningstar Greene,Monday   ,2816475
Morningstar Greene,Monday   ,2253180
Morningstar Greene,Monday   ,5069655
Morningstar Greene,Monday   ,2253180
Morningstar Greene,Monday   ,2816475
Morningstar Greene,Monday   ,3379770
Morningstar Greene,Monday   ,4506360
Morningstar Greene,Monday   ,2816475
Morningstar Greene,Monday   ,591136
Morningstar Greene,Monday   ,633360
Morningstar Greene,Monday   ,464464
Morningstar Greene,Monday   ,928928
Morningstar Greene,Monday   ,591136
Morningstar Greene,Monday   ,464464
Morningstar Greene,Monday   ,675584
Morningstar Greene,Monday   ,422240
Morningstar Greene,Monday   ,717808
Morningstar Greene,Monday   ,886704
Morningstar Greene,Monday   ,548912
Morningstar Greene,Monday   ,591136
Morningstar Greene,Monday   ,422240
Morningstar Greene,Monday   ,844480
Morningstar Greene,Monday   ,548912
Morningstar Greene,Monday   ,931638
Morningstar Greene,Monday   ,980672
Morningstar Greene,Monday   ,882605
Morningstar Greene,Monday   ,686470
Morningstar Greene,Monday   ,735504
Morningstar Greene,Monday   ,784538
Morningstar Greene,Monday   ,980672
Morningstar Greene,Monday   ,637437
Morningstar Greene,Monday   ,833571
Morningstar Greene,Monday   ,784538
Morningstar Greene,Monday   ,539370
Morningstar Greene,Monday   ,539370
Morningstar Greene,Monday   ,931638
Morningstar Greene,Monday   ,686470
Morningstar Greene,Monday   ,686470
Reginald Blotchet-Halls,Monday   ,4364890
Reginald Blotchet-Halls,Monday   ,657888
Reginald Blotchet-Halls,Monday   ,4910501
Reginald Blotchet-Halls,Monday   ,4910501
Reginald Blotchet-Halls,Monday   ,1206128
Reginald Blotchet-Halls,Monday   ,657888
Reginald Blotchet-Halls,Monday   ,548240
Reginald Blotchet-Halls,Monday   ,5456112
Reginald Blotchet-Halls,Monday   ,3819278
Reginald Blotchet-Halls,Monday   ,712712
Reginald Blotchet-Halls,Monday   ,1045548
Reginald Blotchet-Halls,Monday   ,5183306
Reginald Blotchet-Halls,Monday   ,657888
Reginald Blotchet-Halls,Monday   ,3273667
Reginald Blotchet-Halls,Monday   ,1277892
Reginald Blotchet-Halls,Monday   ,5456112
Reginald Blotchet-Halls,Monday   ,1260952
Reginald Blotchet-Halls,Monday   ,932008
Reginald Blotchet-Halls,Monday   ,1277892
Reginald Blotchet-Halls,Monday   ,877184
Reginald Blotchet-Halls,Monday   ,7365751
Reginald Blotchet-Halls,Monday   ,877184
Reginald Blotchet-Halls,Monday   ,438592
Reginald Blotchet-Halls,Monday   ,929376
Reginald Blotchet-Halls,Monday   ,877184
Reginald Blotchet-Halls,Monday   ,1045548
Reginald Blotchet-Halls,Monday   ,1626408
Reginald Blotchet-Halls,Monday   ,813204
Reginald Blotchet-Halls,Monday   ,1394064
Reginald Blotchet-Halls,Monday   ,1161720
Reginald Blotchet-Halls,Monday   ,1626408
Reginald Blotchet-Halls,Monday   ,929376
Reginald Blotchet-Halls,Monday   ,1277892
Reginald Blotchet-Halls,Monday   ,1742580
Reginald Blotchet-Halls,Monday   ,1277892
Reginald Blotchet-Halls,Monday   ,1394064
Reginald Blotchet-Halls,Monday   ,3819278
Reginald Blotchet-Halls,Monday   ,1041656
Reginald Blotchet-Halls,Monday   ,3273667
Reginald Blotchet-Halls,Monday   ,3546473
Reginald Blotchet-Halls,Monday   ,1096480
Reginald Blotchet-Halls,Monday   ,6547334
Reginald Blotchet-Halls,Monday   ,3273667
Reginald Blotchet-Halls,Monday   ,1041656
Reginald Blotchet-Halls,Monday   ,6274529
Sheryl Hunter,Monday   ,23410
Sheryl Hunter,Monday   ,4686080
Sheryl Hunter,Monday   ,4601416
Sheryl Hunter,Monday   ,4978960
Sheryl Hunter,Monday   ,5564720
Sheryl Hunter,Monday   ,7669027
Sheryl Hunter,Monday   ,5368319
Sheryl Hunter,Monday   ,3221680
Sheryl Hunter,Monday   ,31213
Sheryl Hunter,Monday   ,4601416
Sheryl Hunter,Monday   ,6135222
Sheryl Hunter,Monday   ,6150480
Sheryl Hunter,Monday   ,4217965
Sheryl Hunter,Monday   ,5564720
Sheryl Hunter,Monday   ,4217965
Sheryl Hunter,Monday   ,6135222
Sheryl Hunter,Monday   ,5271840
Sheryl Hunter,Monday   ,4978960
Sheryl Hunter,Monday   ,7285576
Sheryl Hunter,Monday   ,5751771
Sheryl Hunter,Monday   ,35115
Sheryl Hunter,Monday   ,3807440
Sheryl Hunter,Monday   ,23410
Sheryl Hunter,Monday   ,35115
Sheryl Hunter,Monday   ,3514560
Sheryl Hunter,Monday   ,3221680
Sheryl Hunter,Monday   ,39017
Sheryl Hunter,Monday   ,37066
Sheryl Hunter,Monday   ,19508
Sheryl Hunter,Monday   ,4984868
Sheryl Hunter,Monday   ,35115
Sheryl Hunter,Monday   ,5751771
Sheryl Hunter,Monday   ,6135222
Sheryl Hunter,Monday   ,35115
Sheryl Hunter,Monday   ,6135222
Sheryl Hunter,Monday   ,3514560
Sheryl Hunter,Monday   ,5564720
Sheryl Hunter,Monday   ,25361
Sheryl Hunter,Monday   ,29262
Sheryl Hunter,Monday   ,4100320
Sheryl Hunter,Monday   ,31213
Sheryl Hunter,Monday   ,21459
Sheryl Hunter,Monday   ,7669027
Sheryl Hunter,Monday   ,2050160
Sheryl Hunter,Monday   ,29262
Stearns MacFeather,Monday   ,13478
Stearns MacFeather,Monday   ,9266
Stearns MacFeather,Monday   ,13478
Stearns MacFeather,Monday   ,10951
Stearns MacFeather,Monday   ,15163
Stearns MacFeather,Monday   ,16848
Stearns MacFeather,Monday   ,9266
Stearns MacFeather,Monday   ,9266
Stearns MacFeather,Monday   ,10951
Stearns MacFeather,Monday   ,13478
Stearns MacFeather,Monday   ,13478
Stearns MacFeather,Monday   ,12636
Stearns MacFeather,Monday   ,4212
Stearns MacFeather,Monday   ,16848
Stearns MacFeather,Monday   ,7582
Stearns MacFeather,Monday   ,194963
Stearns MacFeather,Monday   ,155970
Stearns MacFeather,Monday   ,58489
Stearns MacFeather,Monday   ,116978
Stearns MacFeather,Monday   ,77985
Stearns MacFeather,Monday   ,97481
Stearns MacFeather,Monday   ,77985
Stearns MacFeather,Monday   ,38993
Stearns MacFeather,Monday   ,116978
Stearns MacFeather,Monday   ,136474
Stearns MacFeather,Monday   ,38993
Stearns MacFeather,Monday   ,38993
Stearns MacFeather,Monday   ,214459
Stearns MacFeather,Monday   ,38993
Stearns MacFeather,Monday   ,97481
Stearns MacFeather,Monday   ,1631378
Stearns MacFeather,Monday   ,2097487
Stearns MacFeather,Monday   ,932216
Stearns MacFeather,Monday   ,699162
Stearns MacFeather,Monday   ,1398324
Stearns MacFeather,Monday   ,466108
Stearns MacFeather,Monday   ,1864433
Stearns MacFeather,Monday   ,1631378
Stearns MacFeather,Monday   ,932216
Stearns MacFeather,Monday   ,1398324
Stearns MacFeather,Monday   ,1398324
Stearns MacFeather,Monday   ,932216
Stearns MacFeather,Monday   ,1398324
Stearns MacFeather,Monday   ,1864433
Stearns MacFeather,Monday   ,1398324
Stearns MacFeather,Monday   ,411705
Stearns MacFeather,Monday   ,864581
Stearns MacFeather,Monday   ,576387
Stearns MacFeather,Monday   ,535217
Stearns MacFeather,Monday   ,617558
Stearns MacFeather,Monday   ,535217
Stearns MacFeather,Monday   ,576387
Stearns MacFeather,Monday   ,658728
Stearns MacFeather,Monday   ,452876
Stearns MacFeather,Monday   ,535217
Stearns MacFeather,Monday   ,782240
Stearns MacFeather,Monday   ,535217
Stearns MacFeather,Monday   ,782240
Stearns MacFeather,Monday   ,370535
Stearns MacFeather,Monday   ,823410
Sylvia Panteley,Monday   ,672715
Sylvia Panteley,Monday   ,231358
Sylvia Panteley,Monday   ,2529600
Sylvia Panteley,Monday   ,3110382
Sylvia Panteley,Monday   ,3732458
Sylvia Panteley,Monday   ,528562
Sylvia Panteley,Monday   ,3204160
Sylvia Panteley,Monday   ,528562
Sylvia Panteley,Monday   ,4354535
Sylvia Panteley,Monday   ,480511
Sylvia Panteley,Monday   ,231358
Sylvia Panteley,Monday   ,3035520
Sylvia Panteley,Monday   ,622076
Sylvia Panteley,Monday   ,3110382
Sylvia Panteley,Monday   ,520556
Sylvia Panteley,Monday   ,336358
Sylvia Panteley,Monday   ,3204160
Sylvia Panteley,Monday   ,1244153
Sylvia Panteley,Monday   ,2529600
Sylvia Panteley,Monday   ,289198
Sylvia Panteley,Monday   ,240256
Sylvia Panteley,Monday   ,2192320
Sylvia Panteley,Monday   ,3732458
Sylvia Panteley,Monday   ,576613
Sylvia Panteley,Monday   ,347038
Sylvia Panteley,Monday   ,115679
Sylvia Panteley,Monday   ,576613
Sylvia Panteley,Monday   ,1855040
Sylvia Panteley,Monday   ,3110382
Sylvia Panteley,Monday   ,528562
Sylvia Panteley,Monday   ,3110382
Sylvia Panteley,Monday   ,462717
Sylvia Panteley,Monday   ,2360960
Sylvia Panteley,Monday   ,231358
Sylvia Panteley,Monday   ,1866229
Sylvia Panteley,Monday   ,480511
Sylvia Panteley,Monday   ,57840
Sylvia Panteley,Monday   ,384409
Sylvia Panteley,Monday   ,3035520
Sylvia Panteley,Monday   ,115679
Sylvia Panteley,Monday   ,2698240
Sylvia Panteley,Monday   ,5598688
Sylvia Panteley,Monday   ,2192320
Sylvia Panteley,Monday   ,231358
Sylvia Panteley,Monday   ,5598688
Sylvia Panteley,Monday   ,289198
Sylvia Panteley,Monday   ,231358
Sylvia Panteley,Monday   ,2529600
Sylvia Panteley,Monday   ,528562
Sylvia Panteley,Monday   ,1866229
Sylvia Panteley,Monday   ,528562
Sylvia Panteley,Monday   ,462717
Sylvia Panteley,Monday   ,2023680
Sylvia Panteley,Monday   ,816869
Sylvia Panteley,Monday   ,3110382
Sylvia Panteley,Monday   ,2192320
Sylvia Panteley,Monday   ,432460
Sylvia Panteley,Monday   ,2488306
Sylvia Panteley,Monday   ,2529600
Sylvia Panteley,Monday   ,173519
Abraham Bennet,Tuesday  ,0
Abraham Bennet,Tuesday  ,174730
Abraham Bennet,Tuesday  ,0
Abraham Bennet,Tuesday  ,120127
Abraham Bennet,Tuesday  ,141968
Abraham Bennet,Tuesday  ,0
Abraham Bennet,Tuesday  ,43683
Abraham Bennet,Tuesday  ,98286
Abraham Bennet,Tuesday  ,0
Abraham Bennet,Tuesday  ,0
Abraham Bennet,Tuesday  ,109206
Abraham Bennet,Tuesday  ,194
Abraham Bennet,Tuesday  ,0
Abraham Bennet,Tuesday  ,0
Abraham Bennet,Tuesday  ,246
Abraham Bennet,Tuesday  ,131048
Abraham Bennet,Tuesday  ,54603
Abraham Bennet,Tuesday  ,163809
Abraham Bennet,Tuesday  ,0
Abraham Bennet,Tuesday  ,141
Abraham Bennet,Tuesday  ,76444
Abraham Bennet,Tuesday  ,0
Abraham Bennet,Tuesday  ,65524
Abraham Bennet,Tuesday  ,185651
Abraham Bennet,Tuesday  ,0
Abraham Bennet,Tuesday  ,12203492
Abraham Bennet,Tuesday  ,0
Abraham Bennet,Tuesday  ,14357049
Abraham Bennet,Tuesday  ,141
Abraham Bennet,Tuesday  ,0
Abraham Bennet,Tuesday  ,312
Abraham Bennet,Tuesday  ,286
Abraham Bennet,Tuesday  ,12921344
Abraham Bennet,Tuesday  ,17228459
Abraham Bennet,Tuesday  ,10767787
Abraham Bennet,Tuesday  ,12203492
Abraham Bennet,Tuesday  ,14357049
Abraham Bennet,Tuesday  ,15074901
Abraham Bennet,Tuesday  ,13639197
Abraham Bennet,Tuesday  ,10049934
Abraham Bennet,Tuesday  ,7896377
Abraham Bennet,Tuesday  ,158
Abraham Bennet,Tuesday  ,13639197
Abraham Bennet,Tuesday  ,7896377
Abraham Bennet,Tuesday  ,8614229
Abraham Bennet,Tuesday  ,12203492
Abraham Bennet,Tuesday  ,229
Abraham Bennet,Tuesday  ,3226995
Abraham Bennet,Tuesday  ,2868440
Abraham Bennet,Tuesday  ,2509885
Abraham Bennet,Tuesday  ,5378326
Abraham Bennet,Tuesday  ,4302661
Abraham Bennet,Tuesday  ,5378326
Abraham Bennet,Tuesday  ,2151330
Abraham Bennet,Tuesday  ,5378326
Abraham Bennet,Tuesday  ,2151330
Abraham Bennet,Tuesday  ,3226995
Abraham Bennet,Tuesday  ,3226995
Abraham Bennet,Tuesday  ,5019771
Abraham Bennet,Tuesday  ,4302661
Abraham Bennet,Tuesday  ,6812546
Abraham Bennet,Tuesday  ,174653
Abraham Bennet,Tuesday  ,3226995
Abraham Bennet,Tuesday  ,449107
Abraham Bennet,Tuesday  ,424157
Abraham Bennet,Tuesday  ,299405
Abraham Bennet,Tuesday  ,449107
Abraham Bennet,Tuesday  ,424157
Abraham Bennet,Tuesday  ,698045
Abraham Bennet,Tuesday  ,387803
Abraham Bennet,Tuesday  ,155121
Abraham Bennet,Tuesday  ,211
Abraham Bennet,Tuesday  ,387803
Abraham Bennet,Tuesday  ,387803
Abraham Bennet,Tuesday  ,387803
Abraham Bennet,Tuesday  ,399206
Abraham Bennet,Tuesday  ,155121
Abraham Bennet,Tuesday  ,158
Abraham Bennet,Tuesday  ,465364
Abraham Bennet,Tuesday  ,229
Abraham Bennet,Tuesday  ,310242
Abraham Bennet,Tuesday  ,542924
Abraham Bennet,Tuesday  ,620485
Abraham Bennet,Tuesday  ,424157
Abraham Bennet,Tuesday  ,387803
Abraham Bennet,Tuesday  ,194
Abraham Bennet,Tuesday  ,542924
Abraham Bennet,Tuesday  ,299405
Abraham Bennet,Tuesday  ,387803
Abraham Bennet,Tuesday  ,232682
Abraham Bennet,Tuesday  ,207552
Abraham Bennet,Tuesday  ,145286
Abraham Bennet,Tuesday  ,324355
Abraham Bennet,Tuesday  ,207552
Abraham Bennet,Tuesday  ,246
Abraham Bennet,Tuesday  ,269818
Abraham Bennet,Tuesday  ,449107
Abraham Bennet,Tuesday  ,249062
Abraham Bennet,Tuesday  ,103776
Abraham Bennet,Tuesday  ,249062
Abraham Bennet,Tuesday  ,548909
Abraham Bennet,Tuesday  ,166042
Abraham Bennet,Tuesday  ,166042
Abraham Bennet,Tuesday  ,523958
Abraham Bennet,Tuesday  ,176
Abraham Bennet,Tuesday  ,228307
Abraham Bennet,Tuesday  ,145286
Abraham Bennet,Tuesday  ,194
Abraham Bennet,Tuesday  ,166042
Abraham Bennet,Tuesday  ,207552
Abraham Bennet,Tuesday  ,474058
Abraham Bennet,Tuesday  ,141
Abraham Bennet,Tuesday  ,166042
Abraham Bennet,Tuesday  ,474058
Abraham Bennet,Tuesday  ,120127
Abraham Bennet,Tuesday  ,120127
Abraham Bennet,Tuesday  ,228307
Abraham Bennet,Tuesday  ,0
Abraham Bennet,Tuesday  ,141968
Abraham Bennet,Tuesday  ,0
Abraham Bennet,Tuesday  ,264
Abraham Bennet,Tuesday  ,0
Albert Ringer,Tuesday  ,2022189
Albert Ringer,Tuesday  ,3134985
Albert Ringer,Tuesday  ,4179980
Albert Ringer,Tuesday  ,8359960
Albert Ringer,Tuesday  ,6269970
Albert Ringer,Tuesday  ,4179980
Albert Ringer,Tuesday  ,7314965
Albert Ringer,Tuesday  ,8359960
Albert Ringer,Tuesday  ,6269970
Albert Ringer,Tuesday  ,9404955
Albert Ringer,Tuesday  ,1044995
Albert Ringer,Tuesday  ,9404955
Albert Ringer,Tuesday  ,4179980
Albert Ringer,Tuesday  ,8359960
Albert Ringer,Tuesday  ,3134985
Albert Ringer,Tuesday  ,5224975
Albert Ringer,Tuesday  ,2696252
Albert Ringer,Tuesday  ,1685158
Albert Ringer,Tuesday  ,1011095
Albert Ringer,Tuesday  ,1348126
Albert Ringer,Tuesday  ,2696252
Albert Ringer,Tuesday  ,1685158
Albert Ringer,Tuesday  ,1348126
Albert Ringer,Tuesday  ,1348126
Albert Ringer,Tuesday  ,2359221
Albert Ringer,Tuesday  ,1011095
Albert Ringer,Tuesday  ,2022189
Albert Ringer,Tuesday  ,1011095
Albert Ringer,Tuesday  ,1685158
Albert Ringer,Tuesday  ,1011095
Albert Ringer,Tuesday  ,1582185
Albert Ringer,Tuesday  ,949311
Albert Ringer,Tuesday  ,3797245
Albert Ringer,Tuesday  ,632874
Albert Ringer,Tuesday  ,1898622
Albert Ringer,Tuesday  ,316437
Albert Ringer,Tuesday  ,1265748
Albert Ringer,Tuesday  ,2847934
Albert Ringer,Tuesday  ,949311
Albert Ringer,Tuesday  ,2215059
Albert Ringer,Tuesday  ,2215059
Albert Ringer,Tuesday  ,949311
Albert Ringer,Tuesday  ,1265748
Albert Ringer,Tuesday  ,632874
Albert Ringer,Tuesday  ,632874
Albert Ringer,Tuesday  ,117078
Albert Ringer,Tuesday  ,304403
Albert Ringer,Tuesday  ,280988
Albert Ringer,Tuesday  ,280988
Albert Ringer,Tuesday  ,140494
Albert Ringer,Tuesday  ,257572
Albert Ringer,Tuesday  ,280988
Albert Ringer,Tuesday  ,257572
Albert Ringer,Tuesday  ,234156
Albert Ringer,Tuesday  ,93663
Albert Ringer,Tuesday  ,257572
Albert Ringer,Tuesday  ,140494
Albert Ringer,Tuesday  ,210741
Albert Ringer,Tuesday  ,280988
Albert Ringer,Tuesday  ,234156
Albert Ringer,Tuesday  ,18392805
Albert Ringer,Tuesday  ,25081098
Albert Ringer,Tuesday  ,20064878
Albert Ringer,Tuesday  ,25081098
Albert Ringer,Tuesday  ,20064878
Albert Ringer,Tuesday  ,20064878
Albert Ringer,Tuesday  ,11704512
Albert Ringer,Tuesday  ,8360366
Albert Ringer,Tuesday  ,16720732
Albert Ringer,Tuesday  ,11704512
Albert Ringer,Tuesday  ,23409024
Albert Ringer,Tuesday  ,13376585
Albert Ringer,Tuesday  ,21736951
Albert Ringer,Tuesday  ,15048659
Albert Ringer,Tuesday  ,20064878
Albert Ringer,Tuesday  ,303720
Albert Ringer,Tuesday  ,708680
Albert Ringer,Tuesday  ,404960
Albert Ringer,Tuesday  ,708680
Albert Ringer,Tuesday  ,860540
Albert Ringer,Tuesday  ,404960
Albert Ringer,Tuesday  ,759300
Albert Ringer,Tuesday  ,506200
Albert Ringer,Tuesday  ,607440
Albert Ringer,Tuesday  ,658060
Albert Ringer,Tuesday  ,607440
Albert Ringer,Tuesday  ,404960
Albert Ringer,Tuesday  ,455580
Albert Ringer,Tuesday  ,860540
Albert Ringer,Tuesday  ,607440
Ann Dull,Tuesday  ,1645176
Ann Dull,Tuesday  ,732572
Ann Dull,Tuesday  ,539790
Ann Dull,Tuesday  ,501234
Ann Dull,Tuesday  ,385564
Ann Dull,Tuesday  ,694016
Ann Dull,Tuesday  ,655459
Ann Dull,Tuesday  ,578346
Ann Dull,Tuesday  ,1425819
Ann Dull,Tuesday  ,1754854
Ann Dull,Tuesday  ,424121
Ann Dull,Tuesday  ,1645176
Ann Dull,Tuesday  ,2303246
Ann Dull,Tuesday  ,655459
Ann Dull,Tuesday  ,877427
Ann Dull,Tuesday  ,1974211
Ann Dull,Tuesday  ,2193568
Ann Dull,Tuesday  ,848241
Ann Dull,Tuesday  ,1535497
Ann Dull,Tuesday  ,1974211
Ann Dull,Tuesday  ,347008
Ann Dull,Tuesday  ,1754854
Ann Dull,Tuesday  ,328776
Ann Dull,Tuesday  ,197266
Ann Dull,Tuesday  ,131510
Ann Dull,Tuesday  ,131510
Ann Dull,Tuesday  ,213704
Ann Dull,Tuesday  ,1864532
Ann Dull,Tuesday  ,378092
Ann Dull,Tuesday  ,230143
Ann Dull,Tuesday  ,230143
Ann Dull,Tuesday  ,164388
Ann Dull,Tuesday  ,263021
Ann Dull,Tuesday  ,694016
Ann Dull,Tuesday  ,1535497
Ann Dull,Tuesday  ,295898
Ann Dull,Tuesday  ,312337
Ann Dull,Tuesday  ,263021
Ann Dull,Tuesday  ,578346
Ann Dull,Tuesday  ,424121
Ann Dull,Tuesday  ,279460
Ann Dull,Tuesday  ,2741960
Ann Dull,Tuesday  ,279460
Ann Dull,Tuesday  ,767749
Ann Dull,Tuesday  ,347008
Anne Ringer,Tuesday  ,716789
Anne Ringer,Tuesday  ,597324
Anne Ringer,Tuesday  ,1617938
Anne Ringer,Tuesday  ,3640360
Anne Ringer,Tuesday  ,3640360
Anne Ringer,Tuesday  ,2831391
Anne Ringer,Tuesday  ,4044844
Anne Ringer,Tuesday  ,3235875
Anne Ringer,Tuesday  ,358394
Anne Ringer,Tuesday  ,517681
Anne Ringer,Tuesday  ,4651571
Anne Ringer,Tuesday  ,438038
Anne Ringer,Tuesday  ,3438117
Anne Ringer,Tuesday  ,477859
Anne Ringer,Tuesday  ,398216
Anne Ringer,Tuesday  ,318573
Anne Ringer,Tuesday  ,2426906
Anne Ringer,Tuesday  ,477859
Anne Ringer,Tuesday  ,557502
Anne Ringer,Tuesday  ,477859
Anne Ringer,Tuesday  ,2831391
Anne Ringer,Tuesday  ,438038
Anne Ringer,Tuesday  ,716789
Anne Ringer,Tuesday  ,3842602
Anne Ringer,Tuesday  ,676967
Anne Ringer,Tuesday  ,4044844
Anne Ringer,Tuesday  ,2831391
Anne Ringer,Tuesday  ,2224664
Anne Ringer,Tuesday  ,2629149
Anne Ringer,Tuesday  ,318573
Burt Gringlesby,Tuesday  ,6997548
Burt Gringlesby,Tuesday  ,5524380
Burt Gringlesby,Tuesday  ,5524380
Burt Gringlesby,Tuesday  ,5892672
Burt Gringlesby,Tuesday  ,5156088
Burt Gringlesby,Tuesday  ,5892672
Burt Gringlesby,Tuesday  ,4419504
Burt Gringlesby,Tuesday  ,1235366
Burt Gringlesby,Tuesday  ,5892672
Burt Gringlesby,Tuesday  ,6260964
Burt Gringlesby,Tuesday  ,2578044
Burt Gringlesby,Tuesday  ,1441261
Burt Gringlesby,Tuesday  ,1544208
Burt Gringlesby,Tuesday  ,1544208
Burt Gringlesby,Tuesday  ,1544208
Burt Gringlesby,Tuesday  ,5156088
Burt Gringlesby,Tuesday  ,1955997
Burt Gringlesby,Tuesday  ,1338314
Burt Gringlesby,Tuesday  ,1338314
Burt Gringlesby,Tuesday  ,1853050
Burt Gringlesby,Tuesday  ,1853050
Burt Gringlesby,Tuesday  ,926525
Burt Gringlesby,Tuesday  ,2161891
Burt Gringlesby,Tuesday  ,1441261
Burt Gringlesby,Tuesday  ,1647155
Burt Gringlesby,Tuesday  ,1647155
Burt Gringlesby,Tuesday  ,567596
Burt Gringlesby,Tuesday  ,367268
Burt Gringlesby,Tuesday  ,567596
Burt Gringlesby,Tuesday  ,567596
Burt Gringlesby,Tuesday  ,400656
Burt Gringlesby,Tuesday  ,600984
Burt Gringlesby,Tuesday  ,534208
Burt Gringlesby,Tuesday  ,500820
Burt Gringlesby,Tuesday  ,701148
Burt Gringlesby,Tuesday  ,300492
Burt Gringlesby,Tuesday  ,467432
Burt Gringlesby,Tuesday  ,333880
Burt Gringlesby,Tuesday  ,267104
Burt Gringlesby,Tuesday  ,500820
Burt Gringlesby,Tuesday  ,333880
Burt Gringlesby,Tuesday  ,6629256
Burt Gringlesby,Tuesday  ,4787796
Burt Gringlesby,Tuesday  ,6260964
Burt Gringlesby,Tuesday  ,6997548
Charlene Locksley,Tuesday  ,1746787
Charlene Locksley,Tuesday  ,3222542
Charlene Locksley,Tuesday  ,4101418
Charlene Locksley,Tuesday  ,3515501
Charlene Locksley,Tuesday  ,4980293
Charlene Locksley,Tuesday  ,4980293
Charlene Locksley,Tuesday  ,3808459
Charlene Locksley,Tuesday  ,2015524
Charlene Locksley,Tuesday  ,5566210
Charlene Locksley,Tuesday  ,3224838
Charlene Locksley,Tuesday  ,3808459
Charlene Locksley,Tuesday  ,3222542
Charlene Locksley,Tuesday  ,1881156
Charlene Locksley,Tuesday  ,6445085
Charlene Locksley,Tuesday  ,1881156
Charlene Locksley,Tuesday  ,3222542
Charlene Locksley,Tuesday  ,3808459
Charlene Locksley,Tuesday  ,5859168
Charlene Locksley,Tuesday  ,4687334
Charlene Locksley,Tuesday  ,1612419
Charlene Locksley,Tuesday  ,4101418
Charlene Locksley,Tuesday  ,588971
Charlene Locksley,Tuesday  ,2284260
Charlene Locksley,Tuesday  ,588971
Charlene Locksley,Tuesday  ,2418629
Charlene Locksley,Tuesday  ,240943
Charlene Locksley,Tuesday  ,374800
Charlene Locksley,Tuesday  ,1746787
Charlene Locksley,Tuesday  ,294486
Charlene Locksley,Tuesday  ,1612419
Charlene Locksley,Tuesday  ,374800
Charlene Locksley,Tuesday  ,267714
Charlene Locksley,Tuesday  ,2149892
Charlene Locksley,Tuesday  ,348029
Charlene Locksley,Tuesday  ,348029
Charlene Locksley,Tuesday  ,2015524
Charlene Locksley,Tuesday  ,240943
Charlene Locksley,Tuesday  ,2552997
Charlene Locksley,Tuesday  ,321257
Charlene Locksley,Tuesday  ,455114
Charlene Locksley,Tuesday  ,1478051
Charlene Locksley,Tuesday  ,642514
Charlene Locksley,Tuesday  ,2552997
Charlene Locksley,Tuesday  ,348029
Charlene Locksley,Tuesday  ,481886
Cheryl Carson,Tuesday  ,224411
Cheryl Carson,Tuesday  ,249346
Cheryl Carson,Tuesday  ,349084
Cheryl Carson,Tuesday  ,6264768
Cheryl Carson,Tuesday  ,550006
Cheryl Carson,Tuesday  ,3654448
Cheryl Carson,Tuesday  ,471434
Cheryl Carson,Tuesday  ,174542
Cheryl Carson,Tuesday  ,1305160
Cheryl Carson,Tuesday  ,199477
Cheryl Carson,Tuesday  ,174542
Cheryl Carson,Tuesday  ,224411
Cheryl Carson,Tuesday  ,4437544
Cheryl Carson,Tuesday  ,864295
Cheryl Carson,Tuesday  ,1100012
Cheryl Carson,Tuesday  ,6003736
Cheryl Carson,Tuesday  ,785723
Cheryl Carson,Tuesday  ,149607
Cheryl Carson,Tuesday  ,314289
Cheryl Carson,Tuesday  ,174542
Cheryl Carson,Tuesday  ,299215
Cheryl Carson,Tuesday  ,5220640
Cheryl Carson,Tuesday  ,864295
Cheryl Carson,Tuesday  ,3915480
Cheryl Carson,Tuesday  ,149607
Cheryl Carson,Tuesday  ,2610320
Cheryl Carson,Tuesday  ,3915480
Cheryl Carson,Tuesday  ,707150
Cheryl Carson,Tuesday  ,5481672
Cheryl Carson,Tuesday  ,550006
Cheryl Carson,Tuesday  ,224411
Cheryl Carson,Tuesday  ,864295
Cheryl Carson,Tuesday  ,274280
Cheryl Carson,Tuesday  ,785723
Cheryl Carson,Tuesday  ,628578
Cheryl Carson,Tuesday  ,299215
Cheryl Carson,Tuesday  ,5220640
Cheryl Carson,Tuesday  ,4698576
Cheryl Carson,Tuesday  ,324150
Cheryl Carson,Tuesday  ,628578
Cheryl Carson,Tuesday  ,3915480
Cheryl Carson,Tuesday  ,1021439
Cheryl Carson,Tuesday  ,2088256
Cheryl Carson,Tuesday  ,3132384
Cheryl Carson,Tuesday  ,1414301
Dean Straight,Tuesday  ,5061000
Dean Straight,Tuesday  ,4898851
Dean Straight,Tuesday  ,15652
Dean Straight,Tuesday  ,4082376
Dean Straight,Tuesday  ,2102220
Dean Straight,Tuesday  ,2449426
Dean Straight,Tuesday  ,21913
Dean Straight,Tuesday  ,2966187
Dean Straight,Tuesday  ,3036600
Dean Straight,Tuesday  ,988729
Dean Straight,Tuesday  ,4048800
Dean Straight,Tuesday  ,4082376
Dean Straight,Tuesday  ,18782
Dean Straight,Tuesday  ,2522664
Dean Straight,Tuesday  ,4202098
Dean Straight,Tuesday  ,6261
Dean Straight,Tuesday  ,3036600
Dean Straight,Tuesday  ,2471823
Dean Straight,Tuesday  ,2966187
Dean Straight,Tuesday  ,28174
Dean Straight,Tuesday  ,3265901
Dean Straight,Tuesday  ,4386200
Dean Straight,Tuesday  ,1471554
Dean Straight,Tuesday  ,15652
Dean Straight,Tuesday  ,4723600
Dean Straight,Tuesday  ,1051110
Dean Straight,Tuesday  ,1632950
Dean Straight,Tuesday  ,2732886
Dean Straight,Tuesday  ,2943108
Dean Straight,Tuesday  ,2719005
Dean Straight,Tuesday  ,1471554
Dean Straight,Tuesday  ,1632950
Dean Straight,Tuesday  ,2312442
Dean Straight,Tuesday  ,2719005
Dean Straight,Tuesday  ,2471823
Dean Straight,Tuesday  ,4082376
Dean Straight,Tuesday  ,25043
Dean Straight,Tuesday  ,2943108
Dean Straight,Tuesday  ,3265901
Dean Straight,Tuesday  ,2102220
Dean Straight,Tuesday  ,3153330
Dean Straight,Tuesday  ,4082376
Dean Straight,Tuesday  ,3130
Dean Straight,Tuesday  ,3036600
Dean Straight,Tuesday  ,3213369
Dean Straight,Tuesday  ,2732886
Dean Straight,Tuesday  ,1730276
Dean Straight,Tuesday  ,34434
Dean Straight,Tuesday  ,4898851
Dean Straight,Tuesday  ,3954916
Dean Straight,Tuesday  ,6531802
Dean Straight,Tuesday  ,3460552
Dean Straight,Tuesday  ,3374000
Dean Straight,Tuesday  ,1483094
Dean Straight,Tuesday  ,12522
Dean Straight,Tuesday  ,1483094
Dean Straight,Tuesday  ,3036600
Dean Straight,Tuesday  ,6261
Dean Straight,Tuesday  ,2361800
Dean Straight,Tuesday  ,1632950
Dean Straight,Tuesday  ,18782
Dean Straight,Tuesday  ,5398400
Dean Straight,Tuesday  ,4414662
Dean Straight,Tuesday  ,9391
Dean Straight,Tuesday  ,3711400
Dean Straight,Tuesday  ,4048800
Dean Straight,Tuesday  ,4082376
Dean Straight,Tuesday  ,2719005
Dean Straight,Tuesday  ,840888
Dean Straight,Tuesday  ,21913
Dean Straight,Tuesday  ,18782
Dean Straight,Tuesday  ,2361800
Dean Straight,Tuesday  ,3036600
Dean Straight,Tuesday  ,2312442
Dean Straight,Tuesday  ,3265901
Dirk Stringer,Tuesday  ,8708099
Dirk Stringer,Tuesday  ,10159449
Dirk Stringer,Tuesday  ,34475899
Dirk Stringer,Tuesday  ,37127891
Dirk Stringer,Tuesday  ,29171914
Dirk Stringer,Tuesday  ,42431875
Dirk Stringer,Tuesday  ,14513499
Dirk Stringer,Tuesday  ,37127891
Dirk Stringer,Tuesday  ,0
Dirk Stringer,Tuesday  ,0
Dirk Stringer,Tuesday  ,0
Dirk Stringer,Tuesday  ,0
Dirk Stringer,Tuesday  ,34475899
Dirk Stringer,Tuesday  ,7256750
Dirk Stringer,Tuesday  ,0
Dirk Stringer,Tuesday  ,0
Dirk Stringer,Tuesday  ,0
Dirk Stringer,Tuesday  ,13062149
Dirk Stringer,Tuesday  ,0
Dirk Stringer,Tuesday  ,6531075
Dirk Stringer,Tuesday  ,8708099
Dirk Stringer,Tuesday  ,0
Dirk Stringer,Tuesday  ,37127891
Dirk Stringer,Tuesday  ,0
Dirk Stringer,Tuesday  ,0
Dirk Stringer,Tuesday  ,0
Dirk Stringer,Tuesday  ,10159449
Dirk Stringer,Tuesday  ,9433774
Dirk Stringer,Tuesday  ,42431875
Dirk Stringer,Tuesday  ,31823906
Dirk Stringer,Tuesday  ,6531075
Dirk Stringer,Tuesday  ,47735860
Dirk Stringer,Tuesday  ,5079725
Dirk Stringer,Tuesday  ,58343828
Dirk Stringer,Tuesday  ,7982424
Dirk Stringer,Tuesday  ,34475899
Dirk Stringer,Tuesday  ,9433774
Dirk Stringer,Tuesday  ,37127891
Dirk Stringer,Tuesday  ,5805400
Dirk Stringer,Tuesday  ,0
Dirk Stringer,Tuesday  ,6531075
Dirk Stringer,Tuesday  ,39779883
Dirk Stringer,Tuesday  ,60995821
Dirk Stringer,Tuesday  ,0
Dirk Stringer,Tuesday  ,0
Heather McBadden,Tuesday  ,7143318
Heather McBadden,Tuesday  ,1341875
Heather McBadden,Tuesday  ,1341875
Heather McBadden,Tuesday  ,1878625
Heather McBadden,Tuesday  ,10714977
Heather McBadden,Tuesday  ,3571659
Heather McBadden,Tuesday  ,536750
Heather McBadden,Tuesday  ,118872
Heather McBadden,Tuesday  ,256032
Heather McBadden,Tuesday  ,12280500
Heather McBadden,Tuesday  ,805125
Heather McBadden,Tuesday  ,128016
Heather McBadden,Tuesday  ,11257125
Heather McBadden,Tuesday  ,9210375
Heather McBadden,Tuesday  ,210312
Heather McBadden,Tuesday  ,82296
Heather McBadden,Tuesday  ,7163625
Heather McBadden,Tuesday  ,4762212
Heather McBadden,Tuesday  ,109728
Heather McBadden,Tuesday  ,7163625
Heather McBadden,Tuesday  ,210312
Heather McBadden,Tuesday  ,11257125
Heather McBadden,Tuesday  ,192024
Heather McBadden,Tuesday  ,1610250
Heather McBadden,Tuesday  ,1610250
Heather McBadden,Tuesday  ,210312
Heather McBadden,Tuesday  ,13303875
Heather McBadden,Tuesday  ,109728
Heather McBadden,Tuesday  ,91440
Heather McBadden,Tuesday  ,6140250
Heather McBadden,Tuesday  ,118872
Heather McBadden,Tuesday  ,12280500
Heather McBadden,Tuesday  ,192024
Heather McBadden,Tuesday  ,164592
Heather McBadden,Tuesday  ,137160
Heather McBadden,Tuesday  ,5952765
Heather McBadden,Tuesday  ,2381106
Heather McBadden,Tuesday  ,469152
Heather McBadden,Tuesday  ,390960
Heather McBadden,Tuesday  ,9210375
Heather McBadden,Tuesday  ,469152
Heather McBadden,Tuesday  ,12280500
Heather McBadden,Tuesday  ,625536
Heather McBadden,Tuesday  ,469152
Heather McBadden,Tuesday  ,1341875
Heather McBadden,Tuesday  ,469152
Heather McBadden,Tuesday  ,469152
Heather McBadden,Tuesday  ,3571659
Heather McBadden,Tuesday  ,469152
Heather McBadden,Tuesday  ,234576
Heather McBadden,Tuesday  ,13303875
Heather McBadden,Tuesday  ,625536
Heather McBadden,Tuesday  ,781920
Heather McBadden,Tuesday  ,625536
Heather McBadden,Tuesday  ,390960
Heather McBadden,Tuesday  ,9524424
Heather McBadden,Tuesday  ,7163625
Heather McBadden,Tuesday  ,8187000
Heather McBadden,Tuesday  ,390960
Heather McBadden,Tuesday  ,312768
Heather McBadden,Tuesday  ,805125
Heather McBadden,Tuesday  ,2381106
Heather McBadden,Tuesday  ,1878625
Heather McBadden,Tuesday  ,3571659
Heather McBadden,Tuesday  ,3571659
Heather McBadden,Tuesday  ,4762212
Heather McBadden,Tuesday  ,8333871
Heather McBadden,Tuesday  ,2147000
Heather McBadden,Tuesday  ,15350625
Heather McBadden,Tuesday  ,7143318
Heather McBadden,Tuesday  ,1073500
Heather McBadden,Tuesday  ,2683750
Heather McBadden,Tuesday  ,4762212
Heather McBadden,Tuesday  ,1610250
Innes del Castillo,Tuesday  ,2528622
Innes del Castillo,Tuesday  ,2917641
Innes del Castillo,Tuesday  ,12706357
Innes del Castillo,Tuesday  ,4668226
Innes del Castillo,Tuesday  ,15429147
Innes del Castillo,Tuesday  ,3890188
Innes del Castillo,Tuesday  ,11798760
Innes del Castillo,Tuesday  ,2917641
Innes del Castillo,Tuesday  ,3501169
Innes del Castillo,Tuesday  ,182744
Innes del Castillo,Tuesday  ,261063
Innes del Castillo,Tuesday  ,2334113
Innes del Castillo,Tuesday  ,391594
Innes del Castillo,Tuesday  ,2723132
Innes del Castillo,Tuesday  ,2334113
Innes del Castillo,Tuesday  ,339382
Innes del Castillo,Tuesday  ,3306660
Innes del Castillo,Tuesday  ,2917641
Innes del Castillo,Tuesday  ,18151938
Innes del Castillo,Tuesday  ,652657
Innes del Castillo,Tuesday  ,313275
Innes del Castillo,Tuesday  ,18151938
Innes del Castillo,Tuesday  ,19967132
Innes del Castillo,Tuesday  ,12706357
Innes del Castillo,Tuesday  ,548232
Innes del Castillo,Tuesday  ,16336744
Innes del Castillo,Tuesday  ,522125
Innes del Castillo,Tuesday  ,12706357
Innes del Castillo,Tuesday  ,391594
Innes del Castillo,Tuesday  ,15429147
Innes del Castillo,Tuesday  ,2723132
Innes del Castillo,Tuesday  ,391594
Innes del Castillo,Tuesday  ,12706357
Innes del Castillo,Tuesday  ,3306660
Innes del Castillo,Tuesday  ,234956
Innes del Castillo,Tuesday  ,522125
Innes del Castillo,Tuesday  ,574338
Innes del Castillo,Tuesday  ,496019
Innes del Castillo,Tuesday  ,2723132
Innes del Castillo,Tuesday  ,23597519
Innes del Castillo,Tuesday  ,15429147
Innes del Castillo,Tuesday  ,365488
Innes del Castillo,Tuesday  ,14521550
Innes del Castillo,Tuesday  ,14521550
Innes del Castillo,Tuesday  ,2334113
Johnson White,Tuesday  ,335988
Johnson White,Tuesday  ,250984
Johnson White,Tuesday  ,5481349
Johnson White,Tuesday  ,1698294
Johnson White,Tuesday  ,125492
Johnson White,Tuesday  ,75295
Johnson White,Tuesday  ,609791
Johnson White,Tuesday  ,3915249
Johnson White,Tuesday  ,125492
Johnson White,Tuesday  ,200787
Johnson White,Tuesday  ,720662
Johnson White,Tuesday  ,1132196
Johnson White,Tuesday  ,6264398
Johnson White,Tuesday  ,3523724
Johnson White,Tuesday  ,100394
Johnson White,Tuesday  ,886968
Johnson White,Tuesday  ,3915249
Johnson White,Tuesday  ,175689
Johnson White,Tuesday  ,1132196
Johnson White,Tuesday  ,554355
Johnson White,Tuesday  ,1053275
Johnson White,Tuesday  ,111996
Johnson White,Tuesday  ,279990
Johnson White,Tuesday  ,4306774
Johnson White,Tuesday  ,886968
Johnson White,Tuesday  ,4698299
Johnson White,Tuesday  ,1053275
Johnson White,Tuesday  ,5089824
Johnson White,Tuesday  ,391986
Johnson White,Tuesday  ,1415245
Johnson White,Tuesday  ,720662
Johnson White,Tuesday  ,831533
Johnson White,Tuesday  ,1273721
Johnson White,Tuesday  ,886968
Johnson White,Tuesday  ,391986
Johnson White,Tuesday  ,2740674
Johnson White,Tuesday  ,5481349
Johnson White,Tuesday  ,391986
Johnson White,Tuesday  ,1415245
Johnson White,Tuesday  ,167994
Johnson White,Tuesday  ,1132196
Johnson White,Tuesday  ,776097
Johnson White,Tuesday  ,3523724
Johnson White,Tuesday  ,3523724
Johnson White,Tuesday  ,223992
Johnson White,Tuesday  ,566098
Johnson White,Tuesday  ,279990
Johnson White,Tuesday  ,1132196
Johnson White,Tuesday  ,990672
Johnson White,Tuesday  ,1273721
Johnson White,Tuesday  ,223992
Johnson White,Tuesday  ,447984
Johnson White,Tuesday  ,1486007
Johnson White,Tuesday  ,279990
Johnson White,Tuesday  ,566098
Johnson White,Tuesday  ,2349149
Johnson White,Tuesday  ,150590
Johnson White,Tuesday  ,279990
Johnson White,Tuesday  ,720662
Johnson White,Tuesday  ,125492
Johnson White,Tuesday  ,5481349
Johnson White,Tuesday  ,25098
Johnson White,Tuesday  ,1053275
Johnson White,Tuesday  ,990672
Johnson White,Tuesday  ,150590
Johnson White,Tuesday  ,707623
Johnson White,Tuesday  ,75295
Johnson White,Tuesday  ,100394
Johnson White,Tuesday  ,5089824
Johnson White,Tuesday  ,498920
Johnson White,Tuesday  ,75295
Johnson White,Tuesday  ,50197
Johnson White,Tuesday  ,167994
Johnson White,Tuesday  ,942404
Livia Karsen,Tuesday  ,159030
Livia Karsen,Tuesday  ,5459781
Livia Karsen,Tuesday  ,1763323
Livia Karsen,Tuesday  ,9099635
Livia Karsen,Tuesday  ,2519033
Livia Karsen,Tuesday  ,1819927
Livia Karsen,Tuesday  ,12739489
Livia Karsen,Tuesday  ,503807
Livia Karsen,Tuesday  ,1007613
Livia Karsen,Tuesday  ,10919562
Livia Karsen,Tuesday  ,169632
Livia Karsen,Tuesday  ,1259517
Livia Karsen,Tuesday  ,159030
Livia Karsen,Tuesday  ,169632
Livia Karsen,Tuesday  ,7279708
Livia Karsen,Tuesday  ,95418
Livia Karsen,Tuesday  ,190836
Livia Karsen,Tuesday  ,14559417
Livia Karsen,Tuesday  ,169632
Livia Karsen,Tuesday  ,755710
Livia Karsen,Tuesday  ,190836
Livia Karsen,Tuesday  ,159030
Livia Karsen,Tuesday  ,5459781
Livia Karsen,Tuesday  ,1007613
Livia Karsen,Tuesday  ,10919562
Livia Karsen,Tuesday  ,755710
Livia Karsen,Tuesday  ,1007613
Livia Karsen,Tuesday  ,9099635
Livia Karsen,Tuesday  ,1763323
Livia Karsen,Tuesday  ,2519033
Livia Karsen,Tuesday  ,233244
Livia Karsen,Tuesday  ,7279708
Livia Karsen,Tuesday  ,755710
Livia Karsen,Tuesday  ,7279708
Livia Karsen,Tuesday  ,503807
Livia Karsen,Tuesday  ,148428
Livia Karsen,Tuesday  ,159030
Livia Karsen,Tuesday  ,212040
Livia Karsen,Tuesday  ,10919562
Livia Karsen,Tuesday  ,10919562
Livia Karsen,Tuesday  ,1511420
Livia Karsen,Tuesday  ,201438
Livia Karsen,Tuesday  ,1763323
Livia Karsen,Tuesday  ,127224
Marjorie Green,Tuesday  ,0
Marjorie Green,Tuesday  ,213588
Marjorie Green,Tuesday  ,251280
Marjorie Green,Tuesday  ,150768
Marjorie Green,Tuesday  ,226152
Marjorie Green,Tuesday  ,150768
Marjorie Green,Tuesday  ,188460
Marjorie Green,Tuesday  ,213588
Marjorie Green,Tuesday  ,1615751
Marjorie Green,Tuesday  ,138204
Marjorie Green,Tuesday  ,1231048
Marjorie Green,Tuesday  ,923286
Marjorie Green,Tuesday  ,692465
Marjorie Green,Tuesday  ,1615751
Marjorie Green,Tuesday  ,1077167
Marjorie Green,Tuesday  ,0
Marjorie Green,Tuesday  ,923286
Marjorie Green,Tuesday  ,846346
Marjorie Green,Tuesday  ,1538810
Marjorie Green,Tuesday  ,1461870
Marjorie Green,Tuesday  ,1692691
Marjorie Green,Tuesday  ,0
Marjorie Green,Tuesday  ,1307989
Marjorie Green,Tuesday  ,1231048
Marjorie Green,Tuesday  ,1307989
Marjorie Green,Tuesday  ,923286
Marjorie Green,Tuesday  ,2773420
Marjorie Green,Tuesday  ,0
Marjorie Green,Tuesday  ,4160129
Marjorie Green,Tuesday  ,4506807
Marjorie Green,Tuesday  ,3813452
Marjorie Green,Tuesday  ,4506807
Marjorie Green,Tuesday  ,5200162
Marjorie Green,Tuesday  ,0
Marjorie Green,Tuesday  ,7280226
Marjorie Green,Tuesday  ,6240194
Marjorie Green,Tuesday  ,7626904
Marjorie Green,Tuesday  ,5546839
Marjorie Green,Tuesday  ,8320259
Marjorie Green,Tuesday  ,6933549
Marjorie Green,Tuesday  ,6933549
Marjorie Green,Tuesday  ,4506807
Marjorie Green,Tuesday  ,2773420
Marjorie Green,Tuesday  ,0
Marjorie Green,Tuesday  ,0
Marjorie Green,Tuesday  ,0
Marjorie Green,Tuesday  ,0
Marjorie Green,Tuesday  ,0
Marjorie Green,Tuesday  ,0
Marjorie Green,Tuesday  ,0
Marjorie Green,Tuesday  ,0
Marjorie Green,Tuesday  ,175896
Marjorie Green,Tuesday  ,201024
Marjorie Green,Tuesday  ,0
Marjorie Green,Tuesday  ,163332
Marjorie Green,Tuesday  ,263844
Marjorie Green,Tuesday  ,0
Marjorie Green,Tuesday  ,150768
Marjorie Green,Tuesday  ,276408
Marjorie Green,Tuesday  ,213588
Meander Smith,Tuesday  ,3509760
Meander Smith,Tuesday  ,4913664
Meander Smith,Tuesday  ,3509760
Meander Smith,Tuesday  ,3509760
Meander Smith,Tuesday  ,3158784
Meander Smith,Tuesday  ,54103
Meander Smith,Tuesday  ,86565
Meander Smith,Tuesday  ,43283
Meander Smith,Tuesday  ,3860736
Meander Smith,Tuesday  ,125365
Meander Smith,Tuesday  ,62682
Meander Smith,Tuesday  ,4211712
Meander Smith,Tuesday  ,4562688
Meander Smith,Tuesday  ,75745
Meander Smith,Tuesday  ,43283
Meander Smith,Tuesday  ,54103
Meander Smith,Tuesday  ,4562688
Meander Smith,Tuesday  ,104471
Meander Smith,Tuesday  ,4211712
Meander Smith,Tuesday  ,3860736
Meander Smith,Tuesday  ,43283
Meander Smith,Tuesday  ,125365
Meander Smith,Tuesday  ,64924
Meander Smith,Tuesday  ,3158784
Meander Smith,Tuesday  ,21641
Meander Smith,Tuesday  ,104471
Meander Smith,Tuesday  ,20894
Meander Smith,Tuesday  ,146259
Meander Smith,Tuesday  ,104471
Meander Smith,Tuesday  ,3509760
Meander Smith,Tuesday  ,146259
Meander Smith,Tuesday  ,62682
Meander Smith,Tuesday  ,43283
Meander Smith,Tuesday  ,75745
Meander Smith,Tuesday  ,167153
Meander Smith,Tuesday  ,43283
Meander Smith,Tuesday  ,6668544
Meander Smith,Tuesday  ,188047
Meander Smith,Tuesday  ,54103
Meander Smith,Tuesday  ,104471
Meander Smith,Tuesday  ,4211712
Meander Smith,Tuesday  ,167153
Meander Smith,Tuesday  ,62682
Meander Smith,Tuesday  ,43283
Meander Smith,Tuesday  ,54103
Michael O'Leary,Tuesday  ,128229
Michael O'Leary,Tuesday  ,7746768
Michael O'Leary,Tuesday  ,0
Michael O'Leary,Tuesday  ,100751
Michael O'Leary,Tuesday  ,6025264
Michael O'Leary,Tuesday  ,5164512
Michael O'Leary,Tuesday  ,146547
Michael O'Leary,Tuesday  ,0
Michael O'Leary,Tuesday  ,0
Michael O'Leary,Tuesday  ,12050528
Michael O'Leary,Tuesday  ,7746768
Michael O'Leary,Tuesday  ,146547
Michael O'Leary,Tuesday  ,109910
Michael O'Leary,Tuesday  ,0
Michael O'Leary,Tuesday  ,137388
Michael O'Leary,Tuesday  ,0
Michael O'Leary,Tuesday  ,0
Michael O'Leary,Tuesday  ,0
Michael O'Leary,Tuesday  ,174025
Michael O'Leary,Tuesday  ,0
Michael O'Leary,Tuesday  ,0
Michael O'Leary,Tuesday  ,0
Michael O'Leary,Tuesday  ,183184
Michael O'Leary,Tuesday  ,0
Michael O'Leary,Tuesday  ,0
Michael O'Leary,Tuesday  ,0
Michael O'Leary,Tuesday  ,109910
Michael O'Leary,Tuesday  ,0
Michael O'Leary,Tuesday  ,0
Michael O'Leary,Tuesday  ,119070
Michael O'Leary,Tuesday  ,7746768
Michael O'Leary,Tuesday  ,0
Michael O'Leary,Tuesday  ,0
Michael O'Leary,Tuesday  ,0
Michael O'Leary,Tuesday  ,7746768
Michael O'Leary,Tuesday  ,164866
Michael O'Leary,Tuesday  ,0
Michael O'Leary,Tuesday  ,6886016
Michael O'Leary,Tuesday  ,0
Michael O'Leary,Tuesday  ,174025
Michael O'Leary,Tuesday  ,8607520
Michael O'Leary,Tuesday  ,0
Michael O'Leary,Tuesday  ,6025264
Michael O'Leary,Tuesday  ,0
Michael O'Leary,Tuesday  ,0
Michael O'Leary,Tuesday  ,5164512
Michael O'Leary,Tuesday  ,0
Michael O'Leary,Tuesday  ,146547
Michael O'Leary,Tuesday  ,0
Michael O'Leary,Tuesday  ,0
Michael O'Leary,Tuesday  ,17215041
Michael O'Leary,Tuesday  ,119070
Michael O'Leary,Tuesday  ,0
Michael O'Leary,Tuesday  ,0
Michael O'Leary,Tuesday  ,9468272
Michael O'Leary,Tuesday  ,11189776
Michael O'Leary,Tuesday  ,4303760
Michael O'Leary,Tuesday  ,0
Michael O'Leary,Tuesday  ,0
Michael O'Leary,Tuesday  ,210662
Michel DeFrance,Tuesday  ,16064952
Michel DeFrance,Tuesday  ,577020
Michel DeFrance,Tuesday  ,8899571
Michel DeFrance,Tuesday  ,351230
Michel DeFrance,Tuesday  ,21734936
Michel DeFrance,Tuesday  ,12284964
Michel DeFrance,Tuesday  ,250878
Michel DeFrance,Tuesday  ,13229961
Michel DeFrance,Tuesday  ,376317
Michel DeFrance,Tuesday  ,17009950
Michel DeFrance,Tuesday  ,17009950
Michel DeFrance,Tuesday  ,225790
Michel DeFrance,Tuesday  ,14461803
Michel DeFrance,Tuesday  ,15574249
Michel DeFrance,Tuesday  ,577020
Michel DeFrance,Tuesday  ,20024035
Michel DeFrance,Tuesday  ,13349356
Michel DeFrance,Tuesday  ,301054
Michel DeFrance,Tuesday  ,401405
Michel DeFrance,Tuesday  ,250878
Michel DeFrance,Tuesday  ,18899944
Michel DeFrance,Tuesday  ,12284964
Michel DeFrance,Tuesday  ,15574249
Michel DeFrance,Tuesday  ,17009950
Michel DeFrance,Tuesday  ,21136481
Michel DeFrance,Tuesday  ,551932
Michel DeFrance,Tuesday  ,17799142
Michel DeFrance,Tuesday  ,401405
Michel DeFrance,Tuesday  ,15574249
Michel DeFrance,Tuesday  ,11339966
Michel DeFrance,Tuesday  ,16686696
Michel DeFrance,Tuesday  ,16064952
Michel DeFrance,Tuesday  ,351230
Michel DeFrance,Tuesday  ,24473820
Michel DeFrance,Tuesday  ,17009950
Michel DeFrance,Tuesday  ,15119955
Michel DeFrance,Tuesday  ,275966
Michel DeFrance,Tuesday  ,11339966
Michel DeFrance,Tuesday  ,451581
Michel DeFrance,Tuesday  ,275966
Michel DeFrance,Tuesday  ,16686696
Michel DeFrance,Tuesday  ,11124464
Michel DeFrance,Tuesday  ,6674678
Michel DeFrance,Tuesday  ,12236910
Michel DeFrance,Tuesday  ,15119955
Morningstar Greene,Tuesday  ,591136
Morningstar Greene,Tuesday  ,2253180
Morningstar Greene,Tuesday  ,5069655
Morningstar Greene,Tuesday  ,1126590
Morningstar Greene,Tuesday  ,1126590
Morningstar Greene,Tuesday  ,218448
Morningstar Greene,Tuesday  ,2816475
Morningstar Greene,Tuesday  ,1126590
Morningstar Greene,Tuesday  ,240293
Morningstar Greene,Tuesday  ,3943065
Morningstar Greene,Tuesday  ,2816475
Morningstar Greene,Tuesday  ,2253180
Morningstar Greene,Tuesday  ,1013376
Morningstar Greene,Tuesday  ,1689885
Morningstar Greene,Tuesday  ,717808
Morningstar Greene,Tuesday  ,464464
Morningstar Greene,Tuesday  ,886704
Morningstar Greene,Tuesday  ,591136
Morningstar Greene,Tuesday  ,506688
Morningstar Greene,Tuesday  ,675584
Morningstar Greene,Tuesday  ,2253180
Morningstar Greene,Tuesday  ,717808
Morningstar Greene,Tuesday  ,633360
Morningstar Greene,Tuesday  ,633360
Morningstar Greene,Tuesday  ,675584
Morningstar Greene,Tuesday  ,422240
Morningstar Greene,Tuesday  ,1689885
Morningstar Greene,Tuesday  ,717808
Morningstar Greene,Tuesday  ,422240
Morningstar Greene,Tuesday  ,833571
Morningstar Greene,Tuesday  ,931638
Morningstar Greene,Tuesday  ,833571
Morningstar Greene,Tuesday  ,5069655
Morningstar Greene,Tuesday  ,686470
Morningstar Greene,Tuesday  ,833571
Morningstar Greene,Tuesday  ,784538
Morningstar Greene,Tuesday  ,735504
Morningstar Greene,Tuesday  ,1127773
Morningstar Greene,Tuesday  ,686470
Morningstar Greene,Tuesday  ,3943065
Morningstar Greene,Tuesday  ,1078739
Morningstar Greene,Tuesday  ,371362
Morningstar Greene,Tuesday  ,784538
Morningstar Greene,Tuesday  ,240293
Morningstar Greene,Tuesday  ,371362
Morningstar Greene,Tuesday  ,349517
Morningstar Greene,Tuesday  ,371362
Morningstar Greene,Tuesday  ,882605
Morningstar Greene,Tuesday  ,196603
Morningstar Greene,Tuesday  ,980672
Morningstar Greene,Tuesday  ,393206
Morningstar Greene,Tuesday  ,3379770
Morningstar Greene,Tuesday  ,1029706
Morningstar Greene,Tuesday  ,415051
Morningstar Greene,Tuesday  ,539370
Morningstar Greene,Tuesday  ,174758
Morningstar Greene,Tuesday  ,371362
Morningstar Greene,Tuesday  ,415051
Morningstar Greene,Tuesday  ,305827
Morningstar Greene,Tuesday  ,327672
Reginald Blotchet-Halls,Tuesday  ,657888
Reginald Blotchet-Halls,Tuesday  ,3000862
Reginald Blotchet-Halls,Tuesday  ,657888
Reginald Blotchet-Halls,Tuesday  ,1277892
Reginald Blotchet-Halls,Tuesday  ,4092084
Reginald Blotchet-Halls,Tuesday  ,2182445
Reginald Blotchet-Halls,Tuesday  ,1096480
Reginald Blotchet-Halls,Tuesday  ,3819278
Reginald Blotchet-Halls,Tuesday  ,4910501
Reginald Blotchet-Halls,Tuesday  ,929376
Reginald Blotchet-Halls,Tuesday  ,5183306
Reginald Blotchet-Halls,Tuesday  ,822360
Reginald Blotchet-Halls,Tuesday  ,697032
Reginald Blotchet-Halls,Tuesday  ,1858752
Reginald Blotchet-Halls,Tuesday  ,657888
Reginald Blotchet-Halls,Tuesday  ,712712
Reginald Blotchet-Halls,Tuesday  ,1045548
Reginald Blotchet-Halls,Tuesday  ,822360
Reginald Blotchet-Halls,Tuesday  ,1161720
Reginald Blotchet-Halls,Tuesday  ,5183306
Reginald Blotchet-Halls,Tuesday  ,986832
Reginald Blotchet-Halls,Tuesday  ,929376
Reginald Blotchet-Halls,Tuesday  ,1370600
Reginald Blotchet-Halls,Tuesday  ,0
Reginald Blotchet-Halls,Tuesday  ,1096480
Reginald Blotchet-Halls,Tuesday  ,1206128
Reginald Blotchet-Halls,Tuesday  ,2728056
Reginald Blotchet-Halls,Tuesday  ,1394064
Reginald Blotchet-Halls,Tuesday  ,3819278
Reginald Blotchet-Halls,Tuesday  ,1161720
Reginald Blotchet-Halls,Tuesday  ,712712
Reginald Blotchet-Halls,Tuesday  ,4092084
Reginald Blotchet-Halls,Tuesday  ,3273667
Reginald Blotchet-Halls,Tuesday  ,932008
Reginald Blotchet-Halls,Tuesday  ,1161720
Reginald Blotchet-Halls,Tuesday  ,932008
Reginald Blotchet-Halls,Tuesday  ,2555784
Reginald Blotchet-Halls,Tuesday  ,4910501
Reginald Blotchet-Halls,Tuesday  ,1909639
Reginald Blotchet-Halls,Tuesday  ,1394064
Reginald Blotchet-Halls,Tuesday  ,1045548
Reginald Blotchet-Halls,Tuesday  ,2455250
Reginald Blotchet-Halls,Tuesday  ,1151304
Reginald Blotchet-Halls,Tuesday  ,4637695
Reginald Blotchet-Halls,Tuesday  ,1858752
Reginald Blotchet-Halls,Tuesday  ,813204
Sheryl Hunter,Tuesday  ,3221680
Sheryl Hunter,Tuesday  ,4686080
Sheryl Hunter,Tuesday  ,9202833
Sheryl Hunter,Tuesday  ,4393200
Sheryl Hunter,Tuesday  ,19508
Sheryl Hunter,Tuesday  ,4601416
Sheryl Hunter,Tuesday  ,4100320
Sheryl Hunter,Tuesday  ,7285576
Sheryl Hunter,Tuesday  ,3834514
Sheryl Hunter,Tuesday  ,39017
Sheryl Hunter,Tuesday  ,4686080
Sheryl Hunter,Tuesday  ,4686080
Sheryl Hunter,Tuesday  ,3221680
Sheryl Hunter,Tuesday  ,5368319
Sheryl Hunter,Tuesday  ,27312
Sheryl Hunter,Tuesday  ,4978960
Sheryl Hunter,Tuesday  ,4393200
Sheryl Hunter,Tuesday  ,10353187
Sheryl Hunter,Tuesday  ,19508
Sheryl Hunter,Tuesday  ,8819382
Sheryl Hunter,Tuesday  ,4393200
Sheryl Hunter,Tuesday  ,31213
Sheryl Hunter,Tuesday  ,39017
Sheryl Hunter,Tuesday  ,39017
Sheryl Hunter,Tuesday  ,4393200
Sheryl Hunter,Tuesday  ,4601416
Sheryl Hunter,Tuesday  ,29262
Sheryl Hunter,Tuesday  ,19508
Sheryl Hunter,Tuesday  ,31213
Sheryl Hunter,Tuesday  ,6135222
Sheryl Hunter,Tuesday  ,13656
Sheryl Hunter,Tuesday  ,40967
Sheryl Hunter,Tuesday  ,6902125
Sheryl Hunter,Tuesday  ,5857600
Sheryl Hunter,Tuesday  ,5271840
Sheryl Hunter,Tuesday  ,4601416
Sheryl Hunter,Tuesday  ,7285576
Sheryl Hunter,Tuesday  ,31213
Sheryl Hunter,Tuesday  ,5751771
Sheryl Hunter,Tuesday  ,4978960
Sheryl Hunter,Tuesday  ,5368319
Sheryl Hunter,Tuesday  ,31213
Sheryl Hunter,Tuesday  ,3807440
Sheryl Hunter,Tuesday  ,6135222
Sheryl Hunter,Tuesday  ,27312
Stearns MacFeather,Tuesday  ,16848
Stearns MacFeather,Tuesday  ,617558
Stearns MacFeather,Tuesday  ,16006
Stearns MacFeather,Tuesday  ,617558
Stearns MacFeather,Tuesday  ,12636
Stearns MacFeather,Tuesday  ,10109
Stearns MacFeather,Tuesday  ,658728
Stearns MacFeather,Tuesday  ,10951
Stearns MacFeather,Tuesday  ,617558
Stearns MacFeather,Tuesday  ,14321
Stearns MacFeather,Tuesday  ,10109
Stearns MacFeather,Tuesday  ,946922
Stearns MacFeather,Tuesday  ,21060
Stearns MacFeather,Tuesday  ,16006
Stearns MacFeather,Tuesday  ,741069
Stearns MacFeather,Tuesday  ,16006
Stearns MacFeather,Tuesday  ,12636
Stearns MacFeather,Tuesday  ,535217
Stearns MacFeather,Tuesday  ,5054
Stearns MacFeather,Tuesday  ,370535
Stearns MacFeather,Tuesday  ,12636
Stearns MacFeather,Tuesday  ,8424
Stearns MacFeather,Tuesday  ,988092
Stearns MacFeather,Tuesday  ,20218
Stearns MacFeather,Tuesday  ,97481
Stearns MacFeather,Tuesday  ,136474
Stearns MacFeather,Tuesday  ,699899
Stearns MacFeather,Tuesday  ,116978
Stearns MacFeather,Tuesday  ,946922
Stearns MacFeather,Tuesday  ,97481
Stearns MacFeather,Tuesday  ,58489
Stearns MacFeather,Tuesday  ,452876
Stearns MacFeather,Tuesday  ,58489
Stearns MacFeather,Tuesday  ,116978
Stearns MacFeather,Tuesday  ,175466
Stearns MacFeather,Tuesday  ,576387
Stearns MacFeather,Tuesday  ,58489
Stearns MacFeather,Tuesday  ,741069
Stearns MacFeather,Tuesday  ,97481
Stearns MacFeather,Tuesday  ,116978
Stearns MacFeather,Tuesday  ,576387
Stearns MacFeather,Tuesday  ,58489
Stearns MacFeather,Tuesday  ,932216
Stearns MacFeather,Tuesday  ,58489
Stearns MacFeather,Tuesday  ,97481
Stearns MacFeather,Tuesday  ,77985
Stearns MacFeather,Tuesday  ,1398324
Stearns MacFeather,Tuesday  ,699162
Stearns MacFeather,Tuesday  ,699162
Stearns MacFeather,Tuesday  ,1398324
Stearns MacFeather,Tuesday  ,1631378
Stearns MacFeather,Tuesday  ,1864433
Stearns MacFeather,Tuesday  ,932216
Stearns MacFeather,Tuesday  ,699162
Stearns MacFeather,Tuesday  ,1398324
Stearns MacFeather,Tuesday  ,932216
Stearns MacFeather,Tuesday  ,2097487
Stearns MacFeather,Tuesday  ,1631378
Stearns MacFeather,Tuesday  ,1398324
Stearns MacFeather,Tuesday  ,1631378
Sylvia Panteley,Tuesday  ,528562
Sylvia Panteley,Tuesday  ,289198
Sylvia Panteley,Tuesday  ,2488306
Sylvia Panteley,Tuesday  ,173519
Sylvia Panteley,Tuesday  ,3110382
Sylvia Panteley,Tuesday  ,173519
Sylvia Panteley,Tuesday  ,1866229
Sylvia Panteley,Tuesday  ,816869
Sylvia Panteley,Tuesday  ,347038
Sylvia Panteley,Tuesday  ,173519
Sylvia Panteley,Tuesday  ,240256
Sylvia Panteley,Tuesday  ,288307
Sylvia Panteley,Tuesday  ,624664
Sylvia Panteley,Tuesday  ,173519
Sylvia Panteley,Tuesday  ,336358
Sylvia Panteley,Tuesday  ,480511
Sylvia Panteley,Tuesday  ,432460
Sylvia Panteley,Tuesday  ,289198
Sylvia Panteley,Tuesday  ,480511
Sylvia Panteley,Tuesday  ,1686400
Sylvia Panteley,Tuesday  ,1855040
Sylvia Panteley,Tuesday  ,115679
Sylvia Panteley,Tuesday  ,3204160
Sylvia Panteley,Tuesday  ,3710080
Sylvia Panteley,Tuesday  ,2866880
Sylvia Panteley,Tuesday  ,2698240
Sylvia Panteley,Tuesday  ,3035520
Sylvia Panteley,Tuesday  ,173519
Sylvia Panteley,Tuesday  ,173519
Sylvia Panteley,Tuesday  ,3541440
Sylvia Panteley,Tuesday  ,2698240
Sylvia Panteley,Tuesday  ,115679
Sylvia Panteley,Tuesday  ,2192320
Sylvia Panteley,Tuesday  ,4553280
Sylvia Panteley,Tuesday  ,2698240
Sylvia Panteley,Tuesday  ,3372800
Sylvia Panteley,Tuesday  ,2698240
Sylvia Panteley,Tuesday  ,2023680
Sylvia Panteley,Tuesday  ,404877
Sylvia Panteley,Tuesday  ,289198
Sylvia Panteley,Tuesday  ,3732458
Sylvia Panteley,Tuesday  ,384409
Sylvia Panteley,Tuesday  ,4976611
Sylvia Panteley,Tuesday  ,3110382
Sylvia Panteley,Tuesday  ,576613
Sylvia Panteley,Tuesday  ,3110382
Sylvia Panteley,Tuesday  ,1866229
Sylvia Panteley,Tuesday  ,520556
Sylvia Panteley,Tuesday  ,3732458
Sylvia Panteley,Tuesday  ,720767
Sylvia Panteley,Tuesday  ,336358
Sylvia Panteley,Tuesday  ,3732458
Sylvia Panteley,Tuesday  ,2488306
Sylvia Panteley,Tuesday  ,3110382
Sylvia Panteley,Tuesday  ,480511
Sylvia Panteley,Tuesday  ,3110382
Sylvia Panteley,Tuesday  ,672715
Sylvia Panteley,Tuesday  ,231358
Sylvia Panteley,Tuesday  ,3732458
Sylvia Panteley,Tuesday  ,1244153
Abraham Bennet,Wednesday,87365
Abraham Bennet,Wednesday,465364
Abraham Bennet,Wednesday,465364
Abraham Bennet,Wednesday,310242
Abraham Bennet,Wednesday,77561
Abraham Bennet,Wednesday,77561
Abraham Bennet,Wednesday,274454
Abraham Bennet,Wednesday,310242
Abraham Bennet,Wednesday,324355
Abraham Bennet,Wednesday,465364
Abraham Bennet,Wednesday,229
Abraham Bennet,Wednesday,186797
Abraham Bennet,Wednesday,424157
Abraham Bennet,Wednesday,186797
Abraham Bennet,Wednesday,424157
Abraham Bennet,Wednesday,269818
Abraham Bennet,Wednesday,123
Abraham Bennet,Wednesday,207552
Abraham Bennet,Wednesday,399206
Abraham Bennet,Wednesday,311328
Abraham Bennet,Wednesday,499008
Abraham Bennet,Wednesday,158
Abraham Bennet,Wednesday,207552
Abraham Bennet,Wednesday,16510606
Abraham Bennet,Wednesday,299405
Abraham Bennet,Wednesday,264
Abraham Bennet,Wednesday,249062
Abraham Bennet,Wednesday,4302661
Abraham Bennet,Wednesday,474058
Abraham Bennet,Wednesday,2868440
Abraham Bennet,Wednesday,158
Abraham Bennet,Wednesday,269818
Abraham Bennet,Wednesday,5019771
Abraham Bennet,Wednesday,228307
Abraham Bennet,Wednesday,2868440
Abraham Bennet,Wednesday,399206
Abraham Bennet,Wednesday,5019771
Abraham Bennet,Wednesday,194
Abraham Bennet,Wednesday,166042
Abraham Bennet,Wednesday,123
Abraham Bennet,Wednesday,274454
Abraham Bennet,Wednesday,2509885
Abraham Bennet,Wednesday,2868440
Abraham Bennet,Wednesday,290573
Abraham Bennet,Wednesday,424157
Abraham Bennet,Wednesday,186797
Abraham Bennet,Wednesday,5736881
Abraham Bennet,Wednesday,76444
Abraham Bennet,Wednesday,374256
Abraham Bennet,Wednesday,228307
Abraham Bennet,Wednesday,4661216
Abraham Bennet,Wednesday,158
Abraham Bennet,Wednesday,3226995
Abraham Bennet,Wednesday,249062
Abraham Bennet,Wednesday,87365
Abraham Bennet,Wednesday,4661216
Abraham Bennet,Wednesday,0
Abraham Bennet,Wednesday,274454
Abraham Bennet,Wednesday,174730
Abraham Bennet,Wednesday,0
Abraham Bennet,Wednesday,5019771
Abraham Bennet,Wednesday,0
Abraham Bennet,Wednesday,1434220
Abraham Bennet,Wednesday,299405
Abraham Bennet,Wednesday,0
Abraham Bennet,Wednesday,5019771
Abraham Bennet,Wednesday,0
Abraham Bennet,Wednesday,152889
Abraham Bennet,Wednesday,163809
Abraham Bennet,Wednesday,9332082
Abraham Bennet,Wednesday,0
Abraham Bennet,Wednesday,0
Abraham Bennet,Wednesday,9332082
Abraham Bennet,Wednesday,131048
Abraham Bennet,Wednesday,0
Abraham Bennet,Wednesday,6460672
Abraham Bennet,Wednesday,0
Abraham Bennet,Wednesday,10049934
Abraham Bennet,Wednesday,0
Abraham Bennet,Wednesday,10767787
Abraham Bennet,Wednesday,65524
Abraham Bennet,Wednesday,0
Abraham Bennet,Wednesday,6460672
Abraham Bennet,Wednesday,0
Abraham Bennet,Wednesday,185651
Abraham Bennet,Wednesday,0
Abraham Bennet,Wednesday,16510606
Abraham Bennet,Wednesday,87365
Abraham Bennet,Wednesday,87365
Abraham Bennet,Wednesday,10767787
Abraham Bennet,Wednesday,0
Abraham Bennet,Wednesday,194
Abraham Bennet,Wednesday,5024967
Abraham Bennet,Wednesday,176
Abraham Bennet,Wednesday,11485639
Abraham Bennet,Wednesday,131048
Abraham Bennet,Wednesday,264
Abraham Bennet,Wednesday,8614229
Abraham Bennet,Wednesday,106
Abraham Bennet,Wednesday,11485639
Abraham Bennet,Wednesday,98286
Abraham Bennet,Wednesday,176
Abraham Bennet,Wednesday,12203492
Abraham Bennet,Wednesday,106
Abraham Bennet,Wednesday,109206
Abraham Bennet,Wednesday,620485
Abraham Bennet,Wednesday,155121
Abraham Bennet,Wednesday,155121
Abraham Bennet,Wednesday,155121
Abraham Bennet,Wednesday,387803
Abraham Bennet,Wednesday,387803
Abraham Bennet,Wednesday,542924
Albert Ringer,Wednesday,404960
Albert Ringer,Wednesday,257572
Albert Ringer,Wednesday,2089990
Albert Ringer,Wednesday,404960
Albert Ringer,Wednesday,1265748
Albert Ringer,Wednesday,404960
Albert Ringer,Wednesday,210741
Albert Ringer,Wednesday,2089990
Albert Ringer,Wednesday,304403
Albert Ringer,Wednesday,163909
Albert Ringer,Wednesday,210741
Albert Ringer,Wednesday,1582185
Albert Ringer,Wednesday,5224975
Albert Ringer,Wednesday,351234
Albert Ringer,Wednesday,304403
Albert Ringer,Wednesday,140494
Albert Ringer,Wednesday,6269970
Albert Ringer,Wednesday,3134985
Albert Ringer,Wednesday,2215059
Albert Ringer,Wednesday,23409024
Albert Ringer,Wednesday,7314965
Albert Ringer,Wednesday,949311
Albert Ringer,Wednesday,949311
Albert Ringer,Wednesday,7314965
Albert Ringer,Wednesday,18392805
Albert Ringer,Wednesday,2531497
Albert Ringer,Wednesday,1898622
Albert Ringer,Wednesday,2089990
Albert Ringer,Wednesday,708680
Albert Ringer,Wednesday,2022189
Albert Ringer,Wednesday,20064878
Albert Ringer,Wednesday,1265748
Albert Ringer,Wednesday,674063
Albert Ringer,Wednesday,5224975
Albert Ringer,Wednesday,404960
Albert Ringer,Wednesday,6269970
Albert Ringer,Wednesday,949311
Albert Ringer,Wednesday,354340
Albert Ringer,Wednesday,21736951
Albert Ringer,Wednesday,1348126
Albert Ringer,Wednesday,468313
Albert Ringer,Wednesday,1582185
Albert Ringer,Wednesday,10032439
Albert Ringer,Wednesday,607440
Albert Ringer,Wednesday,15048659
Albert Ringer,Wednesday,234156
Albert Ringer,Wednesday,1011095
Albert Ringer,Wednesday,1685158
Albert Ringer,Wednesday,949311
Albert Ringer,Wednesday,2696252
Albert Ringer,Wednesday,1898622
Albert Ringer,Wednesday,506200
Albert Ringer,Wednesday,26753171
Albert Ringer,Wednesday,2022189
Albert Ringer,Wednesday,404960
Albert Ringer,Wednesday,6269970
Albert Ringer,Wednesday,1685158
Albert Ringer,Wednesday,28425244
Albert Ringer,Wednesday,658060
Albert Ringer,Wednesday,374650
Albert Ringer,Wednesday,11704512
Albert Ringer,Wednesday,3134985
Albert Ringer,Wednesday,2696252
Albert Ringer,Wednesday,1348126
Albert Ringer,Wednesday,658060
Albert Ringer,Wednesday,23409024
Albert Ringer,Wednesday,1582185
Albert Ringer,Wednesday,354340
Albert Ringer,Wednesday,1265748
Albert Ringer,Wednesday,2696252
Albert Ringer,Wednesday,25081098
Albert Ringer,Wednesday,21736951
Albert Ringer,Wednesday,3370315
Albert Ringer,Wednesday,455580
Albert Ringer,Wednesday,2022189
Albert Ringer,Wednesday,15048659
Albert Ringer,Wednesday,2022189
Albert Ringer,Wednesday,506200
Albert Ringer,Wednesday,6269970
Albert Ringer,Wednesday,18392805
Albert Ringer,Wednesday,187325
Albert Ringer,Wednesday,3134985
Albert Ringer,Wednesday,210741
Albert Ringer,Wednesday,210741
Ann Dull,Wednesday,1754854
Ann Dull,Wednesday,1645176
Ann Dull,Wednesday,230143
Ann Dull,Wednesday,1645176
Ann Dull,Wednesday,328776
Ann Dull,Wednesday,655459
Ann Dull,Wednesday,328776
Ann Dull,Wednesday,213704
Ann Dull,Wednesday,987105
Ann Dull,Wednesday,1316141
Ann Dull,Wednesday,2412924
Ann Dull,Wednesday,230143
Ann Dull,Wednesday,312337
Ann Dull,Wednesday,987105
Ann Dull,Wednesday,1864532
Ann Dull,Wednesday,771129
Ann Dull,Wednesday,197266
Ann Dull,Wednesday,2083889
Ann Dull,Wednesday,1079580
Ann Dull,Wednesday,295898
Ann Dull,Wednesday,809685
Ann Dull,Wednesday,1535497
Ann Dull,Wednesday,279460
Ann Dull,Wednesday,279460
Ann Dull,Wednesday,462677
Ann Dull,Wednesday,1316141
Ann Dull,Wednesday,197266
Ann Dull,Wednesday,192782
Ann Dull,Wednesday,1206462
Ann Dull,Wednesday,1645176
Ann Dull,Wednesday,197266
Ann Dull,Wednesday,539790
Ann Dull,Wednesday,655459
Ann Dull,Wednesday,771129
Ann Dull,Wednesday,2632281
Ann Dull,Wednesday,197266
Ann Dull,Wednesday,655459
Ann Dull,Wednesday,246582
Ann Dull,Wednesday,732572
Ann Dull,Wednesday,539790
Ann Dull,Wednesday,655459
Ann Dull,Wednesday,501234
Anne Ringer,Wednesday,1617938
Anne Ringer,Wednesday,3033633
Anne Ringer,Wednesday,278751
Anne Ringer,Wednesday,199108
Anne Ringer,Wednesday,3640360
Anne Ringer,Wednesday,2629149
Anne Ringer,Wednesday,477859
Anne Ringer,Wednesday,4247086
Anne Ringer,Wednesday,2629149
Anne Ringer,Wednesday,2831391
Anne Ringer,Wednesday,2224664
Anne Ringer,Wednesday,2224664
Anne Ringer,Wednesday,278751
Anne Ringer,Wednesday,517681
Anne Ringer,Wednesday,4853813
Anne Ringer,Wednesday,358394
Anne Ringer,Wednesday,438038
Anne Ringer,Wednesday,3640360
Anne Ringer,Wednesday,2629149
Anne Ringer,Wednesday,2224664
Anne Ringer,Wednesday,2224664
Anne Ringer,Wednesday,637146
Anne Ringer,Wednesday,398216
Anne Ringer,Wednesday,199108
Anne Ringer,Wednesday,438038
Anne Ringer,Wednesday,517681
Anne Ringer,Wednesday,398216
Anne Ringer,Wednesday,318573
Burt Gringlesby,Wednesday,1750102
Burt Gringlesby,Wednesday,6997548
Burt Gringlesby,Wednesday,7734132
Burt Gringlesby,Wednesday,6629256
Burt Gringlesby,Wednesday,6260964
Burt Gringlesby,Wednesday,5524380
Burt Gringlesby,Wednesday,6997548
Burt Gringlesby,Wednesday,5156088
Burt Gringlesby,Wednesday,8839008
Burt Gringlesby,Wednesday,6629256
Burt Gringlesby,Wednesday,2470733
Burt Gringlesby,Wednesday,1647155
Burt Gringlesby,Wednesday,1647155
Burt Gringlesby,Wednesday,2264838
Burt Gringlesby,Wednesday,1544208
Burt Gringlesby,Wednesday,1441261
Burt Gringlesby,Wednesday,1338314
Burt Gringlesby,Wednesday,2779574
Burt Gringlesby,Wednesday,2058944
Burt Gringlesby,Wednesday,2161891
Burt Gringlesby,Wednesday,823578
Burt Gringlesby,Wednesday,823578
Burt Gringlesby,Wednesday,1132419
Burt Gringlesby,Wednesday,767924
Burt Gringlesby,Wednesday,567596
Burt Gringlesby,Wednesday,701148
Burt Gringlesby,Wednesday,467432
Burt Gringlesby,Wednesday,634372
Burt Gringlesby,Wednesday,667760
Burt Gringlesby,Wednesday,734536
Burt Gringlesby,Wednesday,667760
Burt Gringlesby,Wednesday,500820
Burt Gringlesby,Wednesday,500820
Burt Gringlesby,Wednesday,500820
Burt Gringlesby,Wednesday,367268
Burt Gringlesby,Wednesday,834700
Burt Gringlesby,Wednesday,333880
Burt Gringlesby,Wednesday,4787796
Burt Gringlesby,Wednesday,5892672
Burt Gringlesby,Wednesday,3314628
Burt Gringlesby,Wednesday,7734132
Burt Gringlesby,Wednesday,4419504
Charlene Locksley,Wednesday,321257
Charlene Locksley,Wednesday,5273251
Charlene Locksley,Wednesday,374800
Charlene Locksley,Wednesday,374800
Charlene Locksley,Wednesday,2015524
Charlene Locksley,Wednesday,2149892
Charlene Locksley,Wednesday,401571
Charlene Locksley,Wednesday,2015524
Charlene Locksley,Wednesday,5859168
Charlene Locksley,Wednesday,348029
Charlene Locksley,Wednesday,2956102
Charlene Locksley,Wednesday,3515501
Charlene Locksley,Wednesday,5859168
Charlene Locksley,Wednesday,4980293
Charlene Locksley,Wednesday,1478051
Charlene Locksley,Wednesday,1612419
Charlene Locksley,Wednesday,455114
Charlene Locksley,Wednesday,1343683
Charlene Locksley,Wednesday,1881156
Charlene Locksley,Wednesday,294486
Charlene Locksley,Wednesday,5859168
Charlene Locksley,Wednesday,5859168
Charlene Locksley,Wednesday,4687334
Charlene Locksley,Wednesday,1478051
Charlene Locksley,Wednesday,6445085
Charlene Locksley,Wednesday,2418629
Charlene Locksley,Wednesday,615743
Charlene Locksley,Wednesday,455114
Charlene Locksley,Wednesday,562200
Charlene Locksley,Wednesday,562200
Charlene Locksley,Wednesday,3808459
Charlene Locksley,Wednesday,2015524
Charlene Locksley,Wednesday,348029
Charlene Locksley,Wednesday,401571
Charlene Locksley,Wednesday,6152126
Charlene Locksley,Wednesday,4394376
Charlene Locksley,Wednesday,1612419
Charlene Locksley,Wednesday,5859168
Charlene Locksley,Wednesday,321257
Charlene Locksley,Wednesday,4394376
Charlene Locksley,Wednesday,2687365
Charlene Locksley,Wednesday,2284260
Cheryl Carson,Wednesday,550006
Cheryl Carson,Wednesday,785723
Cheryl Carson,Wednesday,324150
Cheryl Carson,Wednesday,785723
Cheryl Carson,Wednesday,4176512
Cheryl Carson,Wednesday,2610320
Cheryl Carson,Wednesday,249346
Cheryl Carson,Wednesday,299215
Cheryl Carson,Wednesday,3393416
Cheryl Carson,Wednesday,2349288
Cheryl Carson,Wednesday,3393416
Cheryl Carson,Wednesday,3393416
Cheryl Carson,Wednesday,4959608
Cheryl Carson,Wednesday,4176512
Cheryl Carson,Wednesday,471434
Cheryl Carson,Wednesday,224411
Cheryl Carson,Wednesday,324150
Cheryl Carson,Wednesday,3132384
Cheryl Carson,Wednesday,4437544
Cheryl Carson,Wednesday,349084
Cheryl Carson,Wednesday,707150
Cheryl Carson,Wednesday,274280
Cheryl Carson,Wednesday,3915480
Cheryl Carson,Wednesday,5481672
Cheryl Carson,Wednesday,99738
Cheryl Carson,Wednesday,4176512
Cheryl Carson,Wednesday,249346
Cheryl Carson,Wednesday,3654448
Cheryl Carson,Wednesday,324150
Cheryl Carson,Wednesday,942867
Cheryl Carson,Wednesday,1178584
Cheryl Carson,Wednesday,174542
Cheryl Carson,Wednesday,707150
Cheryl Carson,Wednesday,274280
Cheryl Carson,Wednesday,471434
Cheryl Carson,Wednesday,157145
Cheryl Carson,Wednesday,398953
Cheryl Carson,Wednesday,1178584
Cheryl Carson,Wednesday,550006
Cheryl Carson,Wednesday,785723
Cheryl Carson,Wednesday,249346
Cheryl Carson,Wednesday,392861
Dean Straight,Wednesday,816475
Dean Straight,Wednesday,25043
Dean Straight,Wednesday,3711400
Dean Straight,Wednesday,6261
Dean Straight,Wednesday,4723600
Dean Straight,Wednesday,18782
Dean Straight,Wednesday,1687000
Dean Straight,Wednesday,12522
Dean Straight,Wednesday,3711400
Dean Straight,Wednesday,15652
Dean Straight,Wednesday,3374000
Dean Straight,Wednesday,6073200
Dean Straight,Wednesday,1681776
Dean Straight,Wednesday,9391
Dean Straight,Wednesday,4723600
Dean Straight,Wednesday,1681776
Dean Straight,Wednesday,15652
Dean Straight,Wednesday,1730276
Dean Straight,Wednesday,9391
Dean Straight,Wednesday,2471823
Dean Straight,Wednesday,2699200
Dean Straight,Wednesday,15652
Dean Straight,Wednesday,2224640
Dean Straight,Wednesday,2224640
Dean Straight,Wednesday,4048800
Dean Straight,Wednesday,15652
Dean Straight,Wednesday,1483094
Dean Straight,Wednesday,2361800
Dean Straight,Wednesday,1681776
Dean Straight,Wednesday,3153330
Dean Straight,Wednesday,4449281
Dean Straight,Wednesday,1891998
Dean Straight,Wednesday,1261332
Dean Straight,Wednesday,3711400
Dean Straight,Wednesday,3460552
Dean Straight,Wednesday,1471554
Dean Straight,Wednesday,2471823
Dean Straight,Wednesday,3265901
Dean Straight,Wednesday,2102220
Dean Straight,Wednesday,7348277
Dean Straight,Wednesday,2449426
Dean Straight,Wednesday,4898851
Dean Straight,Wednesday,5715326
Dean Straight,Wednesday,2224640
Dean Straight,Wednesday,3153330
Dean Straight,Wednesday,3265901
Dean Straight,Wednesday,4898851
Dean Straight,Wednesday,4082376
Dean Straight,Wednesday,2224640
Dean Straight,Wednesday,2471823
Dean Straight,Wednesday,4048800
Dean Straight,Wednesday,3213369
Dean Straight,Wednesday,2449426
Dean Straight,Wednesday,5715326
Dean Straight,Wednesday,2522664
Dean Straight,Wednesday,2449426
Dean Straight,Wednesday,3573774
Dean Straight,Wednesday,1471554
Dean Straight,Wednesday,2719005
Dean Straight,Wednesday,1632950
Dean Straight,Wednesday,1051110
Dean Straight,Wednesday,2449426
Dean Straight,Wednesday,2732886
Dean Straight,Wednesday,15652
Dean Straight,Wednesday,2361800
Dean Straight,Wednesday,6261
Dean Straight,Wednesday,12522
Dean Straight,Wednesday,3711400
Dean Straight,Wednesday,9391
Dean Straight,Wednesday,2719005
Dirk Stringer,Wednesday,0
Dirk Stringer,Wednesday,5805400
Dirk Stringer,Wednesday,0
Dirk Stringer,Wednesday,5805400
Dirk Stringer,Wednesday,0
Dirk Stringer,Wednesday,39779883
Dirk Stringer,Wednesday,21215938
Dirk Stringer,Wednesday,0
Dirk Stringer,Wednesday,50387852
Dirk Stringer,Wednesday,7982424
Dirk Stringer,Wednesday,23867930
Dirk Stringer,Wednesday,0
Dirk Stringer,Wednesday,5079725
Dirk Stringer,Wednesday,13787824
Dirk Stringer,Wednesday,34475899
Dirk Stringer,Wednesday,5805400
Dirk Stringer,Wednesday,0
Dirk Stringer,Wednesday,0
Dirk Stringer,Wednesday,34475899
Dirk Stringer,Wednesday,3628375
Dirk Stringer,Wednesday,0
Dirk Stringer,Wednesday,0
Dirk Stringer,Wednesday,42431875
Dirk Stringer,Wednesday,23867930
Dirk Stringer,Wednesday,68951797
Dirk Stringer,Wednesday,0
Dirk Stringer,Wednesday,5805400
Dirk Stringer,Wednesday,9433774
Dirk Stringer,Wednesday,39779883
Dirk Stringer,Wednesday,8708099
Dirk Stringer,Wednesday,0
Dirk Stringer,Wednesday,53039844
Dirk Stringer,Wednesday,9433774
Dirk Stringer,Wednesday,7982424
Dirk Stringer,Wednesday,37127891
Dirk Stringer,Wednesday,0
Dirk Stringer,Wednesday,0
Dirk Stringer,Wednesday,39779883
Dirk Stringer,Wednesday,0
Dirk Stringer,Wednesday,10885124
Dirk Stringer,Wednesday,6531075
Dirk Stringer,Wednesday,26519922
Heather McBadden,Wednesday,1878625
Heather McBadden,Wednesday,234576
Heather McBadden,Wednesday,625536
Heather McBadden,Wednesday,469152
Heather McBadden,Wednesday,390960
Heather McBadden,Wednesday,469152
Heather McBadden,Wednesday,234576
Heather McBadden,Wednesday,312768
Heather McBadden,Wednesday,390960
Heather McBadden,Wednesday,78192
Heather McBadden,Wednesday,312768
Heather McBadden,Wednesday,234576
Heather McBadden,Wednesday,781920
Heather McBadden,Wednesday,312768
Heather McBadden,Wednesday,156384
Heather McBadden,Wednesday,109728
Heather McBadden,Wednesday,137160
Heather McBadden,Wednesday,128016
Heather McBadden,Wednesday,164592
Heather McBadden,Wednesday,173736
Heather McBadden,Wednesday,173736
Heather McBadden,Wednesday,137160
Heather McBadden,Wednesday,146304
Heather McBadden,Wednesday,91440
Heather McBadden,Wednesday,146304
Heather McBadden,Wednesday,146304
Heather McBadden,Wednesday,137160
Heather McBadden,Wednesday,164592
Heather McBadden,Wednesday,109728
Heather McBadden,Wednesday,5116875
Heather McBadden,Wednesday,5116875
Heather McBadden,Wednesday,11257125
Heather McBadden,Wednesday,5116875
Heather McBadden,Wednesday,14327250
Heather McBadden,Wednesday,8187000
Heather McBadden,Wednesday,7163625
Heather McBadden,Wednesday,11257125
Heather McBadden,Wednesday,9210375
Heather McBadden,Wednesday,11257125
Heather McBadden,Wednesday,12280500
Heather McBadden,Wednesday,13303875
Heather McBadden,Wednesday,8187000
Heather McBadden,Wednesday,2147000
Heather McBadden,Wednesday,13303875
Heather McBadden,Wednesday,1073500
Heather McBadden,Wednesday,5952765
Heather McBadden,Wednesday,4762212
Heather McBadden,Wednesday,805125
Heather McBadden,Wednesday,5952765
Heather McBadden,Wednesday,4762212
Heather McBadden,Wednesday,1341875
Heather McBadden,Wednesday,8333871
Heather McBadden,Wednesday,1610250
Heather McBadden,Wednesday,3571659
Heather McBadden,Wednesday,10714977
Heather McBadden,Wednesday,4762212
Heather McBadden,Wednesday,268375
Heather McBadden,Wednesday,805125
Heather McBadden,Wednesday,3571659
Heather McBadden,Wednesday,9524424
Heather McBadden,Wednesday,1878625
Heather McBadden,Wednesday,1073500
Heather McBadden,Wednesday,5952765
Heather McBadden,Wednesday,2147000
Heather McBadden,Wednesday,1073500
Heather McBadden,Wednesday,7143318
Heather McBadden,Wednesday,9524424
Heather McBadden,Wednesday,2683750
Heather McBadden,Wednesday,536750
Heather McBadden,Wednesday,3571659
Innes del Castillo,Wednesday,2334113
Innes del Castillo,Wednesday,3112151
Innes del Castillo,Wednesday,4084698
Innes del Castillo,Wednesday,3501169
Innes del Castillo,Wednesday,2917641
Innes del Castillo,Wednesday,4084698
Innes del Castillo,Wednesday,2139604
Innes del Castillo,Wednesday,10891163
Innes del Castillo,Wednesday,2723132
Innes del Castillo,Wednesday,3890188
Innes del Castillo,Wednesday,15429147
Innes del Castillo,Wednesday,16336744
Innes del Castillo,Wednesday,9075969
Innes del Castillo,Wednesday,14521550
Innes del Castillo,Wednesday,13613954
Innes del Castillo,Wednesday,15429147
Innes del Castillo,Wednesday,21782326
Innes del Castillo,Wednesday,12706357
Innes del Castillo,Wednesday,16336744
Innes del Castillo,Wednesday,9983566
Innes del Castillo,Wednesday,313275
Innes del Castillo,Wednesday,417700
Innes del Castillo,Wednesday,548232
Innes del Castillo,Wednesday,469913
Innes del Castillo,Wednesday,19967132
Innes del Castillo,Wednesday,469913
Innes del Castillo,Wednesday,261063
Innes del Castillo,Wednesday,313275
Innes del Castillo,Wednesday,443807
Innes del Castillo,Wednesday,417700
Innes del Castillo,Wednesday,261063
Innes del Castillo,Wednesday,600444
Innes del Castillo,Wednesday,9075969
Innes del Castillo,Wednesday,443807
Innes del Castillo,Wednesday,287169
Innes del Castillo,Wednesday,417700
Innes del Castillo,Wednesday,3501169
Innes del Castillo,Wednesday,2723132
Innes del Castillo,Wednesday,2917641
Innes del Castillo,Wednesday,3695679
Innes del Castillo,Wednesday,9983566
Innes del Castillo,Wednesday,3306660
Johnson White,Wednesday,554355
Johnson White,Wednesday,609791
Johnson White,Wednesday,3915249
Johnson White,Wednesday,997839
Johnson White,Wednesday,554355
Johnson White,Wednesday,997839
Johnson White,Wednesday,5089824
Johnson White,Wednesday,5481349
Johnson White,Wednesday,609791
Johnson White,Wednesday,277178
Johnson White,Wednesday,1957625
Johnson White,Wednesday,1053275
Johnson White,Wednesday,720662
Johnson White,Wednesday,1108710
Johnson White,Wednesday,3132199
Johnson White,Wednesday,1385888
Johnson White,Wednesday,554355
Johnson White,Wednesday,5481349
Johnson White,Wednesday,25098
Johnson White,Wednesday,150590
Johnson White,Wednesday,125492
Johnson White,Wednesday,175689
Johnson White,Wednesday,75295
Johnson White,Wednesday,150590
Johnson White,Wednesday,75295
Johnson White,Wednesday,250984
Johnson White,Wednesday,125492
Johnson White,Wednesday,75295
Johnson White,Wednesday,125492
Johnson White,Wednesday,50197
Johnson White,Wednesday,125492
Johnson White,Wednesday,175689
Johnson White,Wednesday,111996
Johnson White,Wednesday,167994
Johnson White,Wednesday,391986
Johnson White,Wednesday,167994
Johnson White,Wednesday,391986
Johnson White,Wednesday,279990
Johnson White,Wednesday,335988
Johnson White,Wednesday,223992
Johnson White,Wednesday,111996
Johnson White,Wednesday,503982
Johnson White,Wednesday,335988
Johnson White,Wednesday,279990
Johnson White,Wednesday,4698299
Johnson White,Wednesday,279990
Johnson White,Wednesday,279990
Johnson White,Wednesday,1344483
Johnson White,Wednesday,2740674
Johnson White,Wednesday,919909
Johnson White,Wednesday,5481349
Johnson White,Wednesday,919909
Johnson White,Wednesday,1202958
Johnson White,Wednesday,1556770
Johnson White,Wednesday,3523724
Johnson White,Wednesday,990672
Johnson White,Wednesday,849147
Johnson White,Wednesday,990672
Johnson White,Wednesday,5872874
Johnson White,Wednesday,707623
Johnson White,Wednesday,1415245
Johnson White,Wednesday,3132199
Johnson White,Wednesday,1698294
Johnson White,Wednesday,707623
Johnson White,Wednesday,3523724
Johnson White,Wednesday,1202958
Johnson White,Wednesday,990672
Johnson White,Wednesday,1108710
Johnson White,Wednesday,2740674
Johnson White,Wednesday,665226
Livia Karsen,Wednesday,1259517
Livia Karsen,Wednesday,127224
Livia Karsen,Wednesday,12739489
Livia Karsen,Wednesday,755710
Livia Karsen,Wednesday,84816
Livia Karsen,Wednesday,1259517
Livia Karsen,Wednesday,755710
Livia Karsen,Wednesday,1763323
Livia Karsen,Wednesday,233244
Livia Karsen,Wednesday,755710
Livia Karsen,Wednesday,10919562
Livia Karsen,Wednesday,755710
Livia Karsen,Wednesday,10919562
Livia Karsen,Wednesday,180234
Livia Karsen,Wednesday,3639854
Livia Karsen,Wednesday,503807
Livia Karsen,Wednesday,106020
Livia Karsen,Wednesday,137826
Livia Karsen,Wednesday,169632
Livia Karsen,Wednesday,148428
Livia Karsen,Wednesday,1511420
Livia Karsen,Wednesday,1007613
Livia Karsen,Wednesday,10919562
Livia Karsen,Wednesday,9099635
Livia Karsen,Wednesday,222642
Livia Karsen,Wednesday,5459781
Livia Karsen,Wednesday,3639854
Livia Karsen,Wednesday,1511420
Livia Karsen,Wednesday,116622
Livia Karsen,Wednesday,116622
Livia Karsen,Wednesday,1511420
Livia Karsen,Wednesday,12739489
Livia Karsen,Wednesday,127224
Livia Karsen,Wednesday,9099635
Livia Karsen,Wednesday,12739489
Livia Karsen,Wednesday,14559417
Livia Karsen,Wednesday,1007613
Livia Karsen,Wednesday,14559417
Livia Karsen,Wednesday,254448
Livia Karsen,Wednesday,201438
Livia Karsen,Wednesday,1763323
Livia Karsen,Wednesday,7279708
Marjorie Green,Wednesday,1000227
Marjorie Green,Wednesday,201024
Marjorie Green,Wednesday,8320259
Marjorie Green,Wednesday,0
Marjorie Green,Wednesday,5200162
Marjorie Green,Wednesday,138204
Marjorie Green,Wednesday,226152
Marjorie Green,Wednesday,0
Marjorie Green,Wednesday,163332
Marjorie Green,Wednesday,923286
Marjorie Green,Wednesday,238716
Marjorie Green,Wednesday,1154108
Marjorie Green,Wednesday,125640
Marjorie Green,Wednesday,1077167
Marjorie Green,Wednesday,201024
Marjorie Green,Wednesday,1154108
Marjorie Green,Wednesday,846346
Marjorie Green,Wednesday,1154108
Marjorie Green,Wednesday,769405
Marjorie Green,Wednesday,163332
Marjorie Green,Wednesday,769405
Marjorie Green,Wednesday,692465
Marjorie Green,Wednesday,213588
Marjorie Green,Wednesday,1384929
Marjorie Green,Wednesday,1615751
Marjorie Green,Wednesday,226152
Marjorie Green,Wednesday,846346
Marjorie Green,Wednesday,1538810
Marjorie Green,Wednesday,201024
Marjorie Green,Wednesday,0
Marjorie Green,Wednesday,5893517
Marjorie Green,Wednesday,0
Marjorie Green,Wednesday,4853484
Marjorie Green,Wednesday,0
Marjorie Green,Wednesday,4506807
Marjorie Green,Wednesday,0
Marjorie Green,Wednesday,0
Marjorie Green,Wednesday,0
Marjorie Green,Wednesday,5893517
Marjorie Green,Wednesday,0
Marjorie Green,Wednesday,6586872
Marjorie Green,Wednesday,3466775
Marjorie Green,Wednesday,0
Marjorie Green,Wednesday,5200162
Marjorie Green,Wednesday,0
Marjorie Green,Wednesday,4506807
Marjorie Green,Wednesday,0
Marjorie Green,Wednesday,5200162
Marjorie Green,Wednesday,175896
Marjorie Green,Wednesday,0
Marjorie Green,Wednesday,0
Marjorie Green,Wednesday,201024
Marjorie Green,Wednesday,4160129
Marjorie Green,Wednesday,5200162
Marjorie Green,Wednesday,238716
Marjorie Green,Wednesday,8320259
Meander Smith,Wednesday,83577
Meander Smith,Wednesday,3158784
Meander Smith,Wednesday,2456832
Meander Smith,Wednesday,146259
Meander Smith,Wednesday,188047
Meander Smith,Wednesday,2456832
Meander Smith,Wednesday,41788
Meander Smith,Wednesday,32462
Meander Smith,Wednesday,43283
Meander Smith,Wednesday,86565
Meander Smith,Wednesday,54103
Meander Smith,Wednesday,64924
Meander Smith,Wednesday,108207
Meander Smith,Wednesday,21641
Meander Smith,Wednesday,10821
Meander Smith,Wednesday,2456832
Meander Smith,Wednesday,64924
Meander Smith,Wednesday,2456832
Meander Smith,Wednesday,75745
Meander Smith,Wednesday,3860736
Meander Smith,Wednesday,86565
Meander Smith,Wednesday,4913664
Meander Smith,Wednesday,146259
Meander Smith,Wednesday,104471
Meander Smith,Wednesday,32462
Meander Smith,Wednesday,125365
Meander Smith,Wednesday,75745
Meander Smith,Wednesday,20894
Meander Smith,Wednesday,146259
Meander Smith,Wednesday,4211712
Meander Smith,Wednesday,54103
Meander Smith,Wednesday,104471
Meander Smith,Wednesday,3860736
Meander Smith,Wednesday,62682
Meander Smith,Wednesday,3509760
Meander Smith,Wednesday,3860736
Meander Smith,Wednesday,83577
Meander Smith,Wednesday,83577
Meander Smith,Wednesday,125365
Meander Smith,Wednesday,3860736
Meander Smith,Wednesday,3860736
Meander Smith,Wednesday,2456832
Michael O'Leary,Wednesday,12050528
Michael O'Leary,Wednesday,0
Michael O'Leary,Wednesday,0
Michael O'Leary,Wednesday,0
Michael O'Leary,Wednesday,0
Michael O'Leary,Wednesday,0
Michael O'Leary,Wednesday,0
Michael O'Leary,Wednesday,0
Michael O'Leary,Wednesday,0
Michael O'Leary,Wednesday,0
Michael O'Leary,Wednesday,0
Michael O'Leary,Wednesday,0
Michael O'Leary,Wednesday,0
Michael O'Leary,Wednesday,0
Michael O'Leary,Wednesday,0
Michael O'Leary,Wednesday,155706
Michael O'Leary,Wednesday,91592
Michael O'Leary,Wednesday,155706
Michael O'Leary,Wednesday,146547
Michael O'Leary,Wednesday,183184
Michael O'Leary,Wednesday,174025
Michael O'Leary,Wednesday,146547
Michael O'Leary,Wednesday,146547
Michael O'Leary,Wednesday,137388
Michael O'Leary,Wednesday,146547
Michael O'Leary,Wednesday,146547
Michael O'Leary,Wednesday,82433
Michael O'Leary,Wednesday,119070
Michael O'Leary,Wednesday,137388
Michael O'Leary,Wednesday,0
Michael O'Leary,Wednesday,0
Michael O'Leary,Wednesday,0
Michael O'Leary,Wednesday,0
Michael O'Leary,Wednesday,0
Michael O'Leary,Wednesday,0
Michael O'Leary,Wednesday,0
Michael O'Leary,Wednesday,0
Michael O'Leary,Wednesday,0
Michael O'Leary,Wednesday,0
Michael O'Leary,Wednesday,0
Michael O'Leary,Wednesday,0
Michael O'Leary,Wednesday,0
Michael O'Leary,Wednesday,0
Michael O'Leary,Wednesday,10329024
Michael O'Leary,Wednesday,11189776
Michael O'Leary,Wednesday,8607520
Michael O'Leary,Wednesday,9468272
Michael O'Leary,Wednesday,7746768
Michael O'Leary,Wednesday,10329024
Michael O'Leary,Wednesday,9468272
Michael O'Leary,Wednesday,7746768
Michael O'Leary,Wednesday,9468272
Michael O'Leary,Wednesday,6886016
Michael O'Leary,Wednesday,9468272
Michael O'Leary,Wednesday,9468272
Michael O'Leary,Wednesday,10329024
Michel DeFrance,Wednesday,7787125
Michel DeFrance,Wednesday,19844941
Michel DeFrance,Wednesday,17799142
Michel DeFrance,Wednesday,301054
Michel DeFrance,Wednesday,8504975
Michel DeFrance,Wednesday,376317
Michel DeFrance,Wednesday,301054
Michel DeFrance,Wednesday,14174958
Michel DeFrance,Wednesday,18911588
Michel DeFrance,Wednesday,16064952
Michel DeFrance,Wednesday,17799142
Michel DeFrance,Wednesday,501757
Michel DeFrance,Wednesday,451581
Michel DeFrance,Wednesday,16686696
Michel DeFrance,Wednesday,21734936
Michel DeFrance,Wednesday,376317
Michel DeFrance,Wednesday,21136481
Michel DeFrance,Wednesday,200703
Michel DeFrance,Wednesday,13229961
Michel DeFrance,Wednesday,10012017
Michel DeFrance,Wednesday,13229961
Michel DeFrance,Wednesday,17954947
Michel DeFrance,Wednesday,577020
Michel DeFrance,Wednesday,401405
Michel DeFrance,Wednesday,19844941
Michel DeFrance,Wednesday,22248927
Michel DeFrance,Wednesday,17799142
Michel DeFrance,Wednesday,200703
Michel DeFrance,Wednesday,7559978
Michel DeFrance,Wednesday,275966
Michel DeFrance,Wednesday,13349356
Michel DeFrance,Wednesday,17799142
Michel DeFrance,Wednesday,14461803
Michel DeFrance,Wednesday,15119955
Michel DeFrance,Wednesday,15574249
Michel DeFrance,Wednesday,10394969
Michel DeFrance,Wednesday,451581
Michel DeFrance,Wednesday,301054
Michel DeFrance,Wednesday,426493
Michel DeFrance,Wednesday,13229961
Michel DeFrance,Wednesday,15119955
Michel DeFrance,Wednesday,16686696
Morningstar Greene,Wednesday,760032
Morningstar Greene,Wednesday,305827
Morningstar Greene,Wednesday,1689885
Morningstar Greene,Wednesday,240293
Morningstar Greene,Wednesday,441302
Morningstar Greene,Wednesday,882605
Morningstar Greene,Wednesday,637437
Morningstar Greene,Wednesday,327672
Morningstar Greene,Wednesday,844480
Morningstar Greene,Wednesday,2253180
Morningstar Greene,Wednesday,882605
Morningstar Greene,Wednesday,441302
Morningstar Greene,Wednesday,563295
Morningstar Greene,Wednesday,548912
Morningstar Greene,Wednesday,588403
Morningstar Greene,Wednesday,2816475
Morningstar Greene,Wednesday,327672
Morningstar Greene,Wednesday,833571
Morningstar Greene,Wednesday,717808
Morningstar Greene,Wednesday,928928
Morningstar Greene,Wednesday,784538
Morningstar Greene,Wednesday,784538
Morningstar Greene,Wednesday,784538
Morningstar Greene,Wednesday,2816475
Morningstar Greene,Wednesday,305827
Morningstar Greene,Wednesday,802256
Morningstar Greene,Wednesday,6759540
Morningstar Greene,Wednesday,735504
Morningstar Greene,Wednesday,262138
Morningstar Greene,Wednesday,480586
Morningstar Greene,Wednesday,886704
Morningstar Greene,Wednesday,844480
Morningstar Greene,Wednesday,3379770
Morningstar Greene,Wednesday,1689885
Morningstar Greene,Wednesday,349517
Morningstar Greene,Wednesday,3379770
Morningstar Greene,Wednesday,1013376
Morningstar Greene,Wednesday,262138
Morningstar Greene,Wednesday,1689885
Morningstar Greene,Wednesday,240293
Morningstar Greene,Wednesday,844480
Morningstar Greene,Wednesday,3943065
Morningstar Greene,Wednesday,844480
Morningstar Greene,Wednesday,563295
Morningstar Greene,Wednesday,196134
Morningstar Greene,Wednesday,371362
Morningstar Greene,Wednesday,436896
Morningstar Greene,Wednesday,539370
Morningstar Greene,Wednesday,735504
Morningstar Greene,Wednesday,802256
Morningstar Greene,Wednesday,415051
Morningstar Greene,Wednesday,548912
Morningstar Greene,Wednesday,415051
Morningstar Greene,Wednesday,3943065
Morningstar Greene,Wednesday,3943065
Morningstar Greene,Wednesday,1013376
Reginald Blotchet-Halls,Wednesday,1041656
Reginald Blotchet-Halls,Wednesday,1277892
Reginald Blotchet-Halls,Wednesday,1045548
Reginald Blotchet-Halls,Wednesday,2728056
Reginald Blotchet-Halls,Wednesday,3546473
Reginald Blotchet-Halls,Wednesday,813204
Reginald Blotchet-Halls,Wednesday,813204
Reginald Blotchet-Halls,Wednesday,3819278
Reginald Blotchet-Halls,Wednesday,1510236
Reginald Blotchet-Halls,Wednesday,657888
Reginald Blotchet-Halls,Wednesday,4637695
Reginald Blotchet-Halls,Wednesday,822360
Reginald Blotchet-Halls,Wednesday,548240
Reginald Blotchet-Halls,Wednesday,3819278
Reginald Blotchet-Halls,Wednesday,4364890
Reginald Blotchet-Halls,Wednesday,767536
Reginald Blotchet-Halls,Wednesday,548240
Reginald Blotchet-Halls,Wednesday,3273667
Reginald Blotchet-Halls,Wednesday,1096480
Reginald Blotchet-Halls,Wednesday,493416
Reginald Blotchet-Halls,Wednesday,986832
Reginald Blotchet-Halls,Wednesday,5183306
Reginald Blotchet-Halls,Wednesday,932008
Reginald Blotchet-Halls,Wednesday,2728056
Reginald Blotchet-Halls,Wednesday,657888
Reginald Blotchet-Halls,Wednesday,1626408
Reginald Blotchet-Halls,Wednesday,1277892
Reginald Blotchet-Halls,Wednesday,3000862
Reginald Blotchet-Halls,Wednesday,1161720
Reginald Blotchet-Halls,Wednesday,986832
Reginald Blotchet-Halls,Wednesday,3273667
Reginald Blotchet-Halls,Wednesday,1045548
Reginald Blotchet-Halls,Wednesday,929376
Reginald Blotchet-Halls,Wednesday,5728918
Reginald Blotchet-Halls,Wednesday,4092084
Reginald Blotchet-Halls,Wednesday,697032
Reginald Blotchet-Halls,Wednesday,3546473
Reginald Blotchet-Halls,Wednesday,1394064
Reginald Blotchet-Halls,Wednesday,1394064
Reginald Blotchet-Halls,Wednesday,767536
Reginald Blotchet-Halls,Wednesday,932008
Reginald Blotchet-Halls,Wednesday,580860
Sheryl Hunter,Wednesday,23410
Sheryl Hunter,Wednesday,3221680
Sheryl Hunter,Wednesday,6150480
Sheryl Hunter,Wednesday,35115
Sheryl Hunter,Wednesday,6518673
Sheryl Hunter,Wednesday,4217965
Sheryl Hunter,Wednesday,35115
Sheryl Hunter,Wednesday,4217965
Sheryl Hunter,Wednesday,4601416
Sheryl Hunter,Wednesday,4100320
Sheryl Hunter,Wednesday,21459
Sheryl Hunter,Wednesday,4217965
Sheryl Hunter,Wednesday,4978960
Sheryl Hunter,Wednesday,3807440
Sheryl Hunter,Wednesday,5751771
Sheryl Hunter,Wednesday,23410
Sheryl Hunter,Wednesday,2928800
Sheryl Hunter,Wednesday,5751771
Sheryl Hunter,Wednesday,33164
Sheryl Hunter,Wednesday,5751771
Sheryl Hunter,Wednesday,27312
Sheryl Hunter,Wednesday,44869
Sheryl Hunter,Wednesday,4978960
Sheryl Hunter,Wednesday,31213
Sheryl Hunter,Wednesday,3807440
Sheryl Hunter,Wednesday,6135222
Sheryl Hunter,Wednesday,6150480
Sheryl Hunter,Wednesday,4984868
Sheryl Hunter,Wednesday,6135222
Sheryl Hunter,Wednesday,21459
Sheryl Hunter,Wednesday,4978960
Sheryl Hunter,Wednesday,35115
Sheryl Hunter,Wednesday,4686080
Sheryl Hunter,Wednesday,6518673
Sheryl Hunter,Wednesday,33164
Sheryl Hunter,Wednesday,5564720
Sheryl Hunter,Wednesday,2635920
Sheryl Hunter,Wednesday,6135222
Sheryl Hunter,Wednesday,5368319
Sheryl Hunter,Wednesday,35115
Sheryl Hunter,Wednesday,29262
Sheryl Hunter,Wednesday,5564720
Stearns MacFeather,Wednesday,864581
Stearns MacFeather,Wednesday,58489
Stearns MacFeather,Wednesday,617558
Stearns MacFeather,Wednesday,8424
Stearns MacFeather,Wednesday,11794
Stearns MacFeather,Wednesday,16006
Stearns MacFeather,Wednesday,58489
Stearns MacFeather,Wednesday,11794
Stearns MacFeather,Wednesday,617558
Stearns MacFeather,Wednesday,18533
Stearns MacFeather,Wednesday,16848
Stearns MacFeather,Wednesday,741069
Stearns MacFeather,Wednesday,77985
Stearns MacFeather,Wednesday,1398324
Stearns MacFeather,Wednesday,233054
Stearns MacFeather,Wednesday,699899
Stearns MacFeather,Wednesday,932216
Stearns MacFeather,Wednesday,155970
Stearns MacFeather,Wednesday,116978
Stearns MacFeather,Wednesday,97481
Stearns MacFeather,Wednesday,77985
Stearns MacFeather,Wednesday,411705
Stearns MacFeather,Wednesday,699162
Stearns MacFeather,Wednesday,1398324
Stearns MacFeather,Wednesday,77985
Stearns MacFeather,Wednesday,1398324
Stearns MacFeather,Wednesday,535217
Stearns MacFeather,Wednesday,136474
Stearns MacFeather,Wednesday,905751
Stearns MacFeather,Wednesday,466108
Stearns MacFeather,Wednesday,1165270
Stearns MacFeather,Wednesday,116978
Stearns MacFeather,Wednesday,1398324
Stearns MacFeather,Wednesday,97481
Stearns MacFeather,Wednesday,576387
Stearns MacFeather,Wednesday,1165270
Stearns MacFeather,Wednesday,932216
Stearns MacFeather,Wednesday,116978
Stearns MacFeather,Wednesday,1070433
Stearns MacFeather,Wednesday,10109
Stearns MacFeather,Wednesday,535217
Stearns MacFeather,Wednesday,699162
Stearns MacFeather,Wednesday,194963
Stearns MacFeather,Wednesday,9266
Stearns MacFeather,Wednesday,116978
Stearns MacFeather,Wednesday,864581
Stearns MacFeather,Wednesday,17690
Stearns MacFeather,Wednesday,466108
Stearns MacFeather,Wednesday,13478
Stearns MacFeather,Wednesday,535217
Stearns MacFeather,Wednesday,535217
Stearns MacFeather,Wednesday,16848
Stearns MacFeather,Wednesday,1398324
Stearns MacFeather,Wednesday,15163
Stearns MacFeather,Wednesday,11794
Stearns MacFeather,Wednesday,14321
Sylvia Panteley,Wednesday,3035520
Sylvia Panteley,Wednesday,528562
Sylvia Panteley,Wednesday,4354535
Sylvia Panteley,Wednesday,384409
Sylvia Panteley,Wednesday,2698240
Sylvia Panteley,Wednesday,404877
Sylvia Panteley,Wednesday,231358
Sylvia Panteley,Wednesday,1866229
Sylvia Panteley,Wednesday,528562
Sylvia Panteley,Wednesday,347038
Sylvia Panteley,Wednesday,672715
Sylvia Panteley,Wednesday,1517760
Sylvia Panteley,Wednesday,768818
Sylvia Panteley,Wednesday,2488306
Sylvia Panteley,Wednesday,576613
Sylvia Panteley,Wednesday,4354535
Sylvia Panteley,Wednesday,462717
Sylvia Panteley,Wednesday,480511
Sylvia Panteley,Wednesday,4354535
Sylvia Panteley,Wednesday,2360960
Sylvia Panteley,Wednesday,1244153
Sylvia Panteley,Wednesday,115679
Sylvia Panteley,Wednesday,912971
Sylvia Panteley,Wednesday,2192320
Sylvia Panteley,Wednesday,2488306
Sylvia Panteley,Wednesday,578396
Sylvia Panteley,Wednesday,528562
Sylvia Panteley,Wednesday,347038
Sylvia Panteley,Wednesday,2488306
Sylvia Panteley,Wednesday,1244153
Sylvia Panteley,Wednesday,115679
Sylvia Panteley,Wednesday,3110382
Sylvia Panteley,Wednesday,672715
Sylvia Panteley,Wednesday,624664
Sylvia Panteley,Wednesday,3732458
Sylvia Panteley,Wednesday,3035520
Sylvia Panteley,Wednesday,2023680
Sylvia Panteley,Wednesday,462717
Sylvia Panteley,Wednesday,2360960
Sylvia Panteley,Wednesday,1866229
Sylvia Panteley,Wednesday,173519
Sylvia Panteley,Wednesday,2360960
Sylvia Panteley,Wednesday,2529600
Sylvia Panteley,Wednesday,3204160
Sylvia Panteley,Wednesday,1517760
Sylvia Panteley,Wednesday,336358
Sylvia Panteley,Wednesday,1866229
Sylvia Panteley,Wednesday,173519
Sylvia Panteley,Wednesday,173519
Sylvia Panteley,Wednesday,231358
Sylvia Panteley,Wednesday,2698240
Sylvia Panteley,Wednesday,528562
Sylvia Panteley,Wednesday,289198
Sylvia Panteley,Wednesday,674560
Sylvia Panteley,Wednesday,6220764
Sylvia Panteley,Wednesday,336358
Abraham Bennet,Thursday ,290573
Abraham Bennet,Thursday ,12921344
Abraham Bennet,Thursday ,465364
Abraham Bennet,Thursday ,8614229
Abraham Bennet,Thursday ,7896377
Abraham Bennet,Thursday ,98286
Abraham Bennet,Thursday ,387803
Abraham Bennet,Thursday ,6460672
Abraham Bennet,Thursday ,232682
Abraham Bennet,Thursday ,232682
Abraham Bennet,Thursday ,120127
Abraham Bennet,Thursday ,9332082
Abraham Bennet,Thursday ,542924
Abraham Bennet,Thursday ,15792754
Abraham Bennet,Thursday ,11485639
Abraham Bennet,Thursday ,109206
Abraham Bennet,Thursday ,387803
Abraham Bennet,Thursday ,698045
Abraham Bennet,Thursday ,211
Abraham Bennet,Thursday ,249062
Abraham Bennet,Thursday ,249062
Abraham Bennet,Thursday ,232682
Abraham Bennet,Thursday ,290573
Abraham Bennet,Thursday ,141
Abraham Bennet,Thursday ,249062
Abraham Bennet,Thursday ,207552
Abraham Bennet,Thursday ,232682
Abraham Bennet,Thursday ,123
Abraham Bennet,Thursday ,186797
Abraham Bennet,Thursday ,310242
Abraham Bennet,Thursday ,83021
Abraham Bennet,Thursday ,158
Abraham Bennet,Thursday ,269818
Abraham Bennet,Thursday ,249062
Abraham Bennet,Thursday ,229
Abraham Bennet,Thursday ,145286
Abraham Bennet,Thursday ,174653
Abraham Bennet,Thursday ,290573
Abraham Bennet,Thursday ,211
Abraham Bennet,Thursday ,186797
Abraham Bennet,Thursday ,332083
Abraham Bennet,Thursday ,349306
Abraham Bennet,Thursday ,0
Abraham Bennet,Thursday ,349306
Abraham Bennet,Thursday ,0
Abraham Bennet,Thursday ,0
Abraham Bennet,Thursday ,648710
Abraham Bennet,Thursday ,0
Abraham Bennet,Thursday ,0
Abraham Bennet,Thursday ,0
Abraham Bennet,Thursday ,523958
Abraham Bennet,Thursday ,0
Abraham Bennet,Thursday ,0
Abraham Bennet,Thursday ,499008
Abraham Bennet,Thursday ,0
Abraham Bennet,Thursday ,0
Abraham Bennet,Thursday ,0
Abraham Bennet,Thursday ,374256
Abraham Bennet,Thursday ,0
Abraham Bennet,Thursday ,3585551
Abraham Bennet,Thursday ,0
Abraham Bennet,Thursday ,3226995
Abraham Bennet,Thursday ,499008
Abraham Bennet,Thursday ,0
Abraham Bennet,Thursday ,2509885
Abraham Bennet,Thursday ,176
Abraham Bennet,Thursday ,4302661
Abraham Bennet,Thursday ,246
Abraham Bennet,Thursday ,399206
Abraham Bennet,Thursday ,141
Abraham Bennet,Thursday ,3944106
Abraham Bennet,Thursday ,229
Abraham Bennet,Thursday ,2509885
Abraham Bennet,Thursday ,499008
Abraham Bennet,Thursday ,229
Abraham Bennet,Thursday ,194
Abraham Bennet,Thursday ,5736881
Abraham Bennet,Thursday ,349306
Abraham Bennet,Thursday ,264
Abraham Bennet,Thursday ,2509885
Abraham Bennet,Thursday ,246
Abraham Bennet,Thursday ,5378326
Abraham Bennet,Thursday ,3585551
Abraham Bennet,Thursday ,449107
Abraham Bennet,Thursday ,163809
Abraham Bennet,Thursday ,109206
Abraham Bennet,Thursday ,3585551
Abraham Bennet,Thursday ,474058
Abraham Bennet,Thursday ,2151330
Abraham Bennet,Thursday ,98286
Abraham Bennet,Thursday ,98286
Abraham Bennet,Thursday ,120127
Abraham Bennet,Thursday ,3944106
Abraham Bennet,Thursday ,131048
Abraham Bennet,Thursday ,424157
Abraham Bennet,Thursday ,2509885
Abraham Bennet,Thursday ,174730
Abraham Bennet,Thursday ,10767787
Abraham Bennet,Thursday ,12203492
Abraham Bennet,Thursday ,87365
Abraham Bennet,Thursday ,13639197
Abraham Bennet,Thursday ,9332082
Abraham Bennet,Thursday ,141968
Abraham Bennet,Thursday ,15792754
Abraham Bennet,Thursday ,698045
Abraham Bennet,Thursday ,15792754
Abraham Bennet,Thursday ,465364
Abraham Bennet,Thursday ,120127
Abraham Bennet,Thursday ,10049934
Abraham Bennet,Thursday ,387803
Abraham Bennet,Thursday ,310242
Abraham Bennet,Thursday ,120127
Albert Ringer,Thursday ,1044995
Albert Ringer,Thursday ,3033284
Albert Ringer,Thursday ,210741
Albert Ringer,Thursday ,5224975
Albert Ringer,Thursday ,18392805
Albert Ringer,Thursday ,25081098
Albert Ringer,Thursday ,2089990
Albert Ringer,Thursday ,234156
Albert Ringer,Thursday ,1348126
Albert Ringer,Thursday ,15048659
Albert Ringer,Thursday ,26753171
Albert Ringer,Thursday ,4179980
Albert Ringer,Thursday ,1685158
Albert Ringer,Thursday ,1685158
Albert Ringer,Thursday ,21736951
Albert Ringer,Thursday ,3480808
Albert Ringer,Thursday ,13376585
Albert Ringer,Thursday ,23409024
Albert Ringer,Thursday ,7314965
Albert Ringer,Thursday ,20064878
Albert Ringer,Thursday ,2215059
Albert Ringer,Thursday ,26753171
Albert Ringer,Thursday ,9404955
Albert Ringer,Thursday ,16720732
Albert Ringer,Thursday ,13376585
Albert Ringer,Thursday ,632874
Albert Ringer,Thursday ,3134985
Albert Ringer,Thursday ,210741
Albert Ringer,Thursday ,187325
Albert Ringer,Thursday ,1582185
Albert Ringer,Thursday ,163909
Albert Ringer,Thursday ,632874
Albert Ringer,Thursday ,4179980
Albert Ringer,Thursday ,2359221
Albert Ringer,Thursday ,257572
Albert Ringer,Thursday ,1011095
Albert Ringer,Thursday ,2359221
Albert Ringer,Thursday ,949311
Albert Ringer,Thursday ,163909
Albert Ringer,Thursday ,3164371
Albert Ringer,Thursday ,632874
Albert Ringer,Thursday ,1685158
Albert Ringer,Thursday ,234156
Albert Ringer,Thursday ,2359221
Albert Ringer,Thursday ,398066
Albert Ringer,Thursday ,759300
Albert Ringer,Thursday ,7314965
Albert Ringer,Thursday ,949311
Albert Ringer,Thursday ,455580
Albert Ringer,Thursday ,374650
Albert Ringer,Thursday ,404960
Albert Ringer,Thursday ,556820
Albert Ringer,Thursday ,2696252
Albert Ringer,Thursday ,1582185
Albert Ringer,Thursday ,759300
Albert Ringer,Thursday ,210741
Albert Ringer,Thursday ,404960
Albert Ringer,Thursday ,607440
Albert Ringer,Thursday ,337032
Albert Ringer,Thursday ,4179980
Albert Ringer,Thursday ,809920
Albert Ringer,Thursday ,708680
Albert Ringer,Thursday ,1348126
Albert Ringer,Thursday ,3134985
Albert Ringer,Thursday ,1898622
Albert Ringer,Thursday ,151860
Albert Ringer,Thursday ,280988
Albert Ringer,Thursday ,556820
Albert Ringer,Thursday ,455580
Albert Ringer,Thursday ,210741
Albert Ringer,Thursday ,4179980
Albert Ringer,Thursday ,11704512
Albert Ringer,Thursday ,2847934
Albert Ringer,Thursday ,607440
Albert Ringer,Thursday ,2696252
Albert Ringer,Thursday ,280988
Albert Ringer,Thursday ,20064878
Albert Ringer,Thursday ,7314965
Albert Ringer,Thursday ,202480
Albert Ringer,Thursday ,2359221
Albert Ringer,Thursday ,3134985
Albert Ringer,Thursday ,2215059
Albert Ringer,Thursday ,26753171
Ann Dull,Thursday ,213704
Ann Dull,Thursday ,263021
Ann Dull,Thursday ,295898
Ann Dull,Thursday ,655459
Ann Dull,Thursday ,2193568
Ann Dull,Thursday ,578346
Ann Dull,Thursday ,2083889
Ann Dull,Thursday ,312337
Ann Dull,Thursday ,1974211
Ann Dull,Thursday ,263021
Ann Dull,Thursday ,1206462
Ann Dull,Thursday ,312337
Ann Dull,Thursday ,655459
Ann Dull,Thursday ,1974211
Ann Dull,Thursday ,616903
Ann Dull,Thursday ,424121
Ann Dull,Thursday ,2303246
Ann Dull,Thursday ,230143
Ann Dull,Thursday ,767749
Ann Dull,Thursday ,2303246
Ann Dull,Thursday ,180827
Ann Dull,Thursday ,655459
Ann Dull,Thursday ,295898
Ann Dull,Thursday ,655459
Ann Dull,Thursday ,1864532
Ann Dull,Thursday ,263021
Ann Dull,Thursday ,1864532
Ann Dull,Thursday ,1535497
Ann Dull,Thursday ,694016
Ann Dull,Thursday ,462677
Ann Dull,Thursday ,578346
Ann Dull,Thursday ,312337
Ann Dull,Thursday ,1316141
Ann Dull,Thursday ,578346
Ann Dull,Thursday ,1535497
Ann Dull,Thursday ,246582
Ann Dull,Thursday ,501234
Ann Dull,Thursday ,345215
Ann Dull,Thursday ,1754854
Ann Dull,Thursday ,655459
Ann Dull,Thursday ,539790
Ann Dull,Thursday ,164388
Anne Ringer,Thursday ,4247086
Anne Ringer,Thursday ,318573
Anne Ringer,Thursday ,438038
Anne Ringer,Thursday ,438038
Anne Ringer,Thursday ,3033633
Anne Ringer,Thursday ,2629149
Anne Ringer,Thursday ,517681
Anne Ringer,Thursday ,4044844
Anne Ringer,Thursday ,2426906
Anne Ringer,Thursday ,2629149
Anne Ringer,Thursday ,1820180
Anne Ringer,Thursday ,477859
Anne Ringer,Thursday ,318573
Anne Ringer,Thursday ,637146
Anne Ringer,Thursday ,438038
Anne Ringer,Thursday ,4449328
Anne Ringer,Thursday ,3438117
Anne Ringer,Thursday ,477859
Anne Ringer,Thursday ,3438117
Anne Ringer,Thursday ,5258297
Anne Ringer,Thursday ,4651571
Anne Ringer,Thursday ,597324
Anne Ringer,Thursday ,398216
Anne Ringer,Thursday ,557502
Anne Ringer,Thursday ,438038
Anne Ringer,Thursday ,278751
Anne Ringer,Thursday ,4044844
Anne Ringer,Thursday ,3235875
Burt Gringlesby,Thursday ,5892672
Burt Gringlesby,Thursday ,1441261
Burt Gringlesby,Thursday ,1647155
Burt Gringlesby,Thursday ,823578
Burt Gringlesby,Thursday ,1544208
Burt Gringlesby,Thursday ,1235366
Burt Gringlesby,Thursday ,617683
Burt Gringlesby,Thursday ,2264838
Burt Gringlesby,Thursday ,1647155
Burt Gringlesby,Thursday ,1441261
Burt Gringlesby,Thursday ,1750102
Burt Gringlesby,Thursday ,1750102
Burt Gringlesby,Thursday ,2058944
Burt Gringlesby,Thursday ,1647155
Burt Gringlesby,Thursday ,1441261
Burt Gringlesby,Thursday ,4419504
Burt Gringlesby,Thursday ,4419504
Burt Gringlesby,Thursday ,6997548
Burt Gringlesby,Thursday ,3682920
Burt Gringlesby,Thursday ,6997548
Burt Gringlesby,Thursday ,6260964
Burt Gringlesby,Thursday ,3682920
Burt Gringlesby,Thursday ,4419504
Burt Gringlesby,Thursday ,6997548
Burt Gringlesby,Thursday ,4419504
Burt Gringlesby,Thursday ,5892672
Burt Gringlesby,Thursday ,3682920
Burt Gringlesby,Thursday ,6629256
Burt Gringlesby,Thursday ,634372
Burt Gringlesby,Thursday ,434044
Burt Gringlesby,Thursday ,200328
Burt Gringlesby,Thursday ,701148
Burt Gringlesby,Thursday ,534208
Burt Gringlesby,Thursday ,434044
Burt Gringlesby,Thursday ,534208
Burt Gringlesby,Thursday ,567596
Burt Gringlesby,Thursday ,567596
Burt Gringlesby,Thursday ,600984
Burt Gringlesby,Thursday ,500820
Burt Gringlesby,Thursday ,534208
Burt Gringlesby,Thursday ,767924
Burt Gringlesby,Thursday ,534208
Charlene Locksley,Thursday ,348029
Charlene Locksley,Thursday ,2284260
Charlene Locksley,Thursday ,2418629
Charlene Locksley,Thursday ,4687334
Charlene Locksley,Thursday ,428343
Charlene Locksley,Thursday ,1343683
Charlene Locksley,Thursday ,4394376
Charlene Locksley,Thursday ,4687334
Charlene Locksley,Thursday ,2687365
Charlene Locksley,Thursday ,348029
Charlene Locksley,Thursday ,508657
Charlene Locksley,Thursday ,3515501
Charlene Locksley,Thursday ,455114
Charlene Locksley,Thursday ,6738043
Charlene Locksley,Thursday ,2284260
Charlene Locksley,Thursday ,5273251
Charlene Locksley,Thursday ,2015524
Charlene Locksley,Thursday ,481886
Charlene Locksley,Thursday ,455114
Charlene Locksley,Thursday ,4687334
Charlene Locksley,Thursday ,5859168
Charlene Locksley,Thursday ,3515501
Charlene Locksley,Thursday ,240943
Charlene Locksley,Thursday ,6152126
Charlene Locksley,Thursday ,1881156
Charlene Locksley,Thursday ,508657
Charlene Locksley,Thursday ,348029
Charlene Locksley,Thursday ,2015524
Charlene Locksley,Thursday ,2149892
Charlene Locksley,Thursday ,4980293
Charlene Locksley,Thursday ,1612419
Charlene Locksley,Thursday ,3808459
Charlene Locksley,Thursday ,3808459
Charlene Locksley,Thursday ,562200
Charlene Locksley,Thursday ,1746787
Charlene Locksley,Thursday ,374800
Charlene Locksley,Thursday ,535429
Charlene Locksley,Thursday ,2015524
Charlene Locksley,Thursday ,1881156
Charlene Locksley,Thursday ,240943
Charlene Locksley,Thursday ,2821733
Charlene Locksley,Thursday ,4980293
Cheryl Carson,Thursday ,2871352
Cheryl Carson,Thursday ,349084
Cheryl Carson,Thursday ,785723
Cheryl Carson,Thursday ,299215
Cheryl Carson,Thursday ,1021439
Cheryl Carson,Thursday ,224411
Cheryl Carson,Thursday ,3915480
Cheryl Carson,Thursday ,249346
Cheryl Carson,Thursday ,374019
Cheryl Carson,Thursday ,785723
Cheryl Carson,Thursday ,5481672
Cheryl Carson,Thursday ,324150
Cheryl Carson,Thursday ,349084
Cheryl Carson,Thursday ,349084
Cheryl Carson,Thursday ,864295
Cheryl Carson,Thursday ,1021439
Cheryl Carson,Thursday ,4698576
Cheryl Carson,Thursday ,1335728
Cheryl Carson,Thursday ,942867
Cheryl Carson,Thursday ,864295
Cheryl Carson,Thursday ,1178584
Cheryl Carson,Thursday ,2610320
Cheryl Carson,Thursday ,473757
Cheryl Carson,Thursday ,942867
Cheryl Carson,Thursday ,4959608
Cheryl Carson,Thursday ,707150
Cheryl Carson,Thursday ,864295
Cheryl Carson,Thursday ,2088256
Cheryl Carson,Thursday ,1492873
Cheryl Carson,Thursday ,4698576
Cheryl Carson,Thursday ,3915480
Cheryl Carson,Thursday ,4437544
Cheryl Carson,Thursday ,2871352
Cheryl Carson,Thursday ,3132384
Cheryl Carson,Thursday ,324150
Cheryl Carson,Thursday ,3654448
Cheryl Carson,Thursday ,274280
Cheryl Carson,Thursday ,224411
Cheryl Carson,Thursday ,3132384
Cheryl Carson,Thursday ,349084
Cheryl Carson,Thursday ,942867
Cheryl Carson,Thursday ,349084
Dean Straight,Thursday ,6261
Dean Straight,Thursday ,1681776
Dean Straight,Thursday ,3213369
Dean Straight,Thursday ,3265901
Dean Straight,Thursday ,8164752
Dean Straight,Thursday ,25043
Dean Straight,Thursday ,2719005
Dean Straight,Thursday ,1891998
Dean Straight,Thursday ,12522
Dean Straight,Thursday ,4082376
Dean Straight,Thursday ,3213369
Dean Straight,Thursday ,3711400
Dean Straight,Thursday ,12522
Dean Straight,Thursday ,1730276
Dean Straight,Thursday ,5715326
Dean Straight,Thursday ,2522664
Dean Straight,Thursday ,28174
Dean Straight,Thursday ,3460552
Dean Straight,Thursday ,3265901
Dean Straight,Thursday ,4048800
Dean Straight,Thursday ,3265901
Dean Straight,Thursday ,3213369
Dean Straight,Thursday ,1261332
Dean Straight,Thursday ,6261
Dean Straight,Thursday ,4723600
Dean Straight,Thursday ,9391
Dean Straight,Thursday ,2102220
Dean Straight,Thursday ,2719005
Dean Straight,Thursday ,3711400
Dean Straight,Thursday ,2966187
Dean Straight,Thursday ,15652
Dean Straight,Thursday ,4723600
Dean Straight,Thursday ,2102220
Dean Straight,Thursday ,2471823
Dean Straight,Thursday ,3265901
Dean Straight,Thursday ,12522
Dean Straight,Thursday ,4048800
Dean Straight,Thursday ,4898851
Dean Straight,Thursday ,1977458
Dean Straight,Thursday ,2361800
Dean Straight,Thursday ,4386200
Dean Straight,Thursday ,840888
Dean Straight,Thursday ,6261
Dean Straight,Thursday ,4202098
Dean Straight,Thursday ,2699200
Dean Straight,Thursday ,3374000
Dean Straight,Thursday ,1483094
Dean Straight,Thursday ,3153330
Dean Straight,Thursday ,18782
Dean Straight,Thursday ,7348277
Dean Straight,Thursday ,2732886
Dean Straight,Thursday ,6261
Dean Straight,Thursday ,630666
Dean Straight,Thursday ,5715326
Dean Straight,Thursday ,3153330
Dean Straight,Thursday ,3036600
Dean Straight,Thursday ,3711400
Dean Straight,Thursday ,6531802
Dean Straight,Thursday ,2361800
Dean Straight,Thursday ,2943108
Dean Straight,Thursday ,2102220
Dean Straight,Thursday ,2449426
Dean Straight,Thursday ,2312442
Dean Straight,Thursday ,18782
Dean Straight,Thursday ,1632950
Dean Straight,Thursday ,1483094
Dean Straight,Thursday ,6531802
Dean Straight,Thursday ,2719005
Dean Straight,Thursday ,2699200
Dirk Stringer,Thursday ,5079725
Dirk Stringer,Thursday ,53039844
Dirk Stringer,Thursday ,45083867
Dirk Stringer,Thursday ,31823906
Dirk Stringer,Thursday ,45083867
Dirk Stringer,Thursday ,5079725
Dirk Stringer,Thursday ,13062149
Dirk Stringer,Thursday ,5079725
Dirk Stringer,Thursday ,10885124
Dirk Stringer,Thursday ,0
Dirk Stringer,Thursday ,7982424
Dirk Stringer,Thursday ,0
Dirk Stringer,Thursday ,9433774
Dirk Stringer,Thursday ,0
Dirk Stringer,Thursday ,5079725
Dirk Stringer,Thursday ,0
Dirk Stringer,Thursday ,7256750
Dirk Stringer,Thursday ,6531075
Dirk Stringer,Thursday ,0
Dirk Stringer,Thursday ,37127891
Dirk Stringer,Thursday ,0
Dirk Stringer,Thursday ,55691836
Dirk Stringer,Thursday ,0
Dirk Stringer,Thursday ,7256750
Dirk Stringer,Thursday ,0
Dirk Stringer,Thursday ,45083867
Dirk Stringer,Thursday ,0
Dirk Stringer,Thursday ,0
Dirk Stringer,Thursday ,37127891
Dirk Stringer,Thursday ,29171914
Dirk Stringer,Thursday ,0
Dirk Stringer,Thursday ,0
Dirk Stringer,Thursday ,2902700
Dirk Stringer,Thursday ,0
Dirk Stringer,Thursday ,34475899
Dirk Stringer,Thursday ,0
Dirk Stringer,Thursday ,55691836
Dirk Stringer,Thursday ,42431875
Dirk Stringer,Thursday ,5079725
Dirk Stringer,Thursday ,8708099
Dirk Stringer,Thursday ,37127891
Dirk Stringer,Thursday ,45083867
Heather McBadden,Thursday ,146304
Heather McBadden,Thursday ,390960
Heather McBadden,Thursday ,312768
Heather McBadden,Thursday ,17397375
Heather McBadden,Thursday ,5952765
Heather McBadden,Thursday ,1341875
Heather McBadden,Thursday ,156384
Heather McBadden,Thursday ,164592
Heather McBadden,Thursday ,1341875
Heather McBadden,Thursday ,9524424
Heather McBadden,Thursday ,11257125
Heather McBadden,Thursday ,703728
Heather McBadden,Thursday ,1878625
Heather McBadden,Thursday ,4762212
Heather McBadden,Thursday ,4762212
Heather McBadden,Thursday ,1878625
Heather McBadden,Thursday ,14327250
Heather McBadden,Thursday ,246888
Heather McBadden,Thursday ,1878625
Heather McBadden,Thursday ,118872
Heather McBadden,Thursday ,9524424
Heather McBadden,Thursday ,1341875
Heather McBadden,Thursday ,173736
Heather McBadden,Thursday ,1878625
Heather McBadden,Thursday ,3571659
Heather McBadden,Thursday ,173736
Heather McBadden,Thursday ,1073500
Heather McBadden,Thursday ,1190553
Heather McBadden,Thursday ,1610250
Heather McBadden,Thursday ,219456
Heather McBadden,Thursday ,1341875
Heather McBadden,Thursday ,109728
Heather McBadden,Thursday ,10714977
Heather McBadden,Thursday ,137160
Heather McBadden,Thursday ,128016
Heather McBadden,Thursday ,7163625
Heather McBadden,Thursday ,234576
Heather McBadden,Thursday ,9210375
Heather McBadden,Thursday ,469152
Heather McBadden,Thursday ,182880
Heather McBadden,Thursday ,10233750
Heather McBadden,Thursday ,14327250
Heather McBadden,Thursday ,547344
Heather McBadden,Thursday ,469152
Heather McBadden,Thursday ,11257125
Heather McBadden,Thursday ,12280500
Heather McBadden,Thursday ,1190553
Heather McBadden,Thursday ,234576
Heather McBadden,Thursday ,10233750
Heather McBadden,Thursday ,146304
Heather McBadden,Thursday ,8333871
Heather McBadden,Thursday ,390960
Heather McBadden,Thursday ,469152
Heather McBadden,Thursday ,5952765
Heather McBadden,Thursday ,1878625
Heather McBadden,Thursday ,7163625
Heather McBadden,Thursday ,8333871
Heather McBadden,Thursday ,155448
Heather McBadden,Thursday ,13303875
Heather McBadden,Thursday ,703728
Heather McBadden,Thursday ,625536
Heather McBadden,Thursday ,15350625
Heather McBadden,Thursday ,3571659
Heather McBadden,Thursday ,7143318
Heather McBadden,Thursday ,1610250
Heather McBadden,Thursday ,2683750
Heather McBadden,Thursday ,547344
Heather McBadden,Thursday ,182880
Heather McBadden,Thursday ,20467500
Heather McBadden,Thursday ,805125
Innes del Castillo,Thursday ,496019
Innes del Castillo,Thursday ,4084698
Innes del Castillo,Thursday ,522125
Innes del Castillo,Thursday ,14521550
Innes del Castillo,Thursday ,13613954
Innes del Castillo,Thursday ,12706357
Innes del Castillo,Thursday ,3890188
Innes del Castillo,Thursday ,23597519
Innes del Castillo,Thursday ,1750585
Innes del Castillo,Thursday ,548232
Innes del Castillo,Thursday ,5057245
Innes del Castillo,Thursday ,17244341
Innes del Castillo,Thursday ,3695679
Innes del Castillo,Thursday ,12706357
Innes del Castillo,Thursday ,391594
Innes del Castillo,Thursday ,2917641
Innes del Castillo,Thursday ,11798760
Innes del Castillo,Thursday ,15429147
Innes del Castillo,Thursday ,3306660
Innes del Castillo,Thursday ,13613954
Innes del Castillo,Thursday ,8168372
Innes del Castillo,Thursday ,313275
Innes del Castillo,Thursday ,2528622
Innes del Castillo,Thursday ,496019
Innes del Castillo,Thursday ,19967132
Innes del Castillo,Thursday ,3501169
Innes del Castillo,Thursday ,313275
Innes del Castillo,Thursday ,2917641
Innes del Castillo,Thursday ,417700
Innes del Castillo,Thursday ,4473716
Innes del Castillo,Thursday ,574338
Innes del Castillo,Thursday ,7260775
Innes del Castillo,Thursday ,12706357
Innes del Castillo,Thursday ,9075969
Innes del Castillo,Thursday ,391594
Innes del Castillo,Thursday ,3695679
Innes del Castillo,Thursday ,4084698
Innes del Castillo,Thursday ,574338
Innes del Castillo,Thursday ,3112151
Innes del Castillo,Thursday ,574338
Innes del Castillo,Thursday ,391594
Innes del Castillo,Thursday ,313275
Johnson White,Thursday ,1132196
Johnson White,Thursday ,111996
Johnson White,Thursday ,447984
Johnson White,Thursday ,279990
Johnson White,Thursday ,919909
Johnson White,Thursday ,1061434
Johnson White,Thursday ,778385
Johnson White,Thursday ,4698299
Johnson White,Thursday ,3132199
Johnson White,Thursday ,6264398
Johnson White,Thursday ,3523724
Johnson White,Thursday ,5481349
Johnson White,Thursday ,4698299
Johnson White,Thursday ,3523724
Johnson White,Thursday ,6655923
Johnson White,Thursday ,3915249
Johnson White,Thursday ,5089824
Johnson White,Thursday ,2740674
Johnson White,Thursday ,3915249
Johnson White,Thursday ,4306774
Johnson White,Thursday ,3132199
Johnson White,Thursday ,997839
Johnson White,Thursday ,665226
Johnson White,Thursday ,665226
Johnson White,Thursday ,498920
Johnson White,Thursday ,831533
Johnson White,Thursday ,776097
Johnson White,Thursday ,720662
Johnson White,Thursday ,1164146
Johnson White,Thursday ,498920
Johnson White,Thursday ,831533
Johnson White,Thursday ,609791
Johnson White,Thursday ,720662
Johnson White,Thursday ,554355
Johnson White,Thursday ,886968
Johnson White,Thursday ,1061434
Johnson White,Thursday ,1202958
Johnson White,Thursday ,175689
Johnson White,Thursday ,849147
Johnson White,Thursday ,125492
Johnson White,Thursday ,1273721
Johnson White,Thursday ,150590
Johnson White,Thursday ,778385
Johnson White,Thursday ,100394
Johnson White,Thursday ,125492
Johnson White,Thursday ,75295
Johnson White,Thursday ,1273721
Johnson White,Thursday ,50197
Johnson White,Thursday ,990672
Johnson White,Thursday ,175689
Johnson White,Thursday ,351378
Johnson White,Thursday ,990672
Johnson White,Thursday ,200787
Johnson White,Thursday ,707623
Johnson White,Thursday ,100394
Johnson White,Thursday ,1273721
Johnson White,Thursday ,200787
Johnson White,Thursday ,125492
Johnson White,Thursday ,100394
Johnson White,Thursday ,167994
Johnson White,Thursday ,167994
Johnson White,Thursday ,335988
Johnson White,Thursday ,279990
Johnson White,Thursday ,391986
Johnson White,Thursday ,447984
Johnson White,Thursday ,279990
Johnson White,Thursday ,335988
Johnson White,Thursday ,279990
Johnson White,Thursday ,111996
Johnson White,Thursday ,223992
Livia Karsen,Thursday ,7279708
Livia Karsen,Thursday ,755710
Livia Karsen,Thursday ,127224
Livia Karsen,Thursday ,7279708
Livia Karsen,Thursday ,169632
Livia Karsen,Thursday ,1259517
Livia Karsen,Thursday ,159030
Livia Karsen,Thursday ,148428
Livia Karsen,Thursday ,159030
Livia Karsen,Thursday ,7279708
Livia Karsen,Thursday ,755710
Livia Karsen,Thursday ,2015227
Livia Karsen,Thursday ,7279708
Livia Karsen,Thursday ,10919562
Livia Karsen,Thursday ,95418
Livia Karsen,Thursday ,201438
Livia Karsen,Thursday ,20019198
Livia Karsen,Thursday ,10919562
Livia Karsen,Thursday ,503807
Livia Karsen,Thursday ,1259517
Livia Karsen,Thursday ,212040
Livia Karsen,Thursday ,14559417
Livia Karsen,Thursday ,137826
Livia Karsen,Thursday ,16379344
Livia Karsen,Thursday ,169632
Livia Karsen,Thursday ,169632
Livia Karsen,Thursday ,137826
Livia Karsen,Thursday ,127224
Livia Karsen,Thursday ,9099635
Livia Karsen,Thursday ,1763323
Livia Karsen,Thursday ,2519033
Livia Karsen,Thursday ,1007613
Livia Karsen,Thursday ,3639854
Livia Karsen,Thursday ,16379344
Livia Karsen,Thursday ,755710
Livia Karsen,Thursday ,1007613
Livia Karsen,Thursday ,190836
Livia Karsen,Thursday ,9099635
Livia Karsen,Thursday ,1259517
Livia Karsen,Thursday ,2519033
Livia Karsen,Thursday ,9099635
Marjorie Green,Thursday ,4853484
Marjorie Green,Thursday ,4506807
Marjorie Green,Thursday ,7280226
Marjorie Green,Thursday ,4853484
Marjorie Green,Thursday ,4506807
Marjorie Green,Thursday ,6586872
Marjorie Green,Thursday ,4506807
Marjorie Green,Thursday ,4160129
Marjorie Green,Thursday ,4853484
Marjorie Green,Thursday ,5546839
Marjorie Green,Thursday ,5546839
Marjorie Green,Thursday ,4160129
Marjorie Green,Thursday ,1231048
Marjorie Green,Thursday ,1077167
Marjorie Green,Thursday ,1077167
Marjorie Green,Thursday ,1384929
Marjorie Green,Thursday ,1384929
Marjorie Green,Thursday ,769405
Marjorie Green,Thursday ,1307989
Marjorie Green,Thursday ,1307989
Marjorie Green,Thursday ,1154108
Marjorie Green,Thursday ,1461870
Marjorie Green,Thursday ,1231048
Marjorie Green,Thursday ,1538810
Marjorie Green,Thursday ,538584
Marjorie Green,Thursday ,1461870
Marjorie Green,Thursday ,213588
Marjorie Green,Thursday ,226152
Marjorie Green,Thursday ,288972
Marjorie Green,Thursday ,301536
Marjorie Green,Thursday ,251280
Marjorie Green,Thursday ,150768
Marjorie Green,Thursday ,188460
Marjorie Green,Thursday ,188460
Marjorie Green,Thursday ,238716
Marjorie Green,Thursday ,113076
Marjorie Green,Thursday ,226152
Marjorie Green,Thursday ,87948
Marjorie Green,Thursday ,263844
Marjorie Green,Thursday ,163332
Marjorie Green,Thursday ,0
Marjorie Green,Thursday ,0
Marjorie Green,Thursday ,0
Marjorie Green,Thursday ,0
Marjorie Green,Thursday ,0
Marjorie Green,Thursday ,0
Marjorie Green,Thursday ,0
Marjorie Green,Thursday ,0
Marjorie Green,Thursday ,0
Marjorie Green,Thursday ,0
Marjorie Green,Thursday ,0
Marjorie Green,Thursday ,0
Marjorie Green,Thursday ,0
Marjorie Green,Thursday ,0
Marjorie Green,Thursday ,4853484
Marjorie Green,Thursday ,4160129
Meander Smith,Thursday ,64924
Meander Smith,Thursday ,54103
Meander Smith,Thursday ,54103
Meander Smith,Thursday ,62682
Meander Smith,Thursday ,146259
Meander Smith,Thursday ,104471
Meander Smith,Thursday ,10821
Meander Smith,Thursday ,125365
Meander Smith,Thursday ,146259
Meander Smith,Thursday ,125365
Meander Smith,Thursday ,167153
Meander Smith,Thursday ,125365
Meander Smith,Thursday ,62682
Meander Smith,Thursday ,125365
Meander Smith,Thursday ,104471
Meander Smith,Thursday ,4913664
Meander Smith,Thursday ,3158784
Meander Smith,Thursday ,167153
Meander Smith,Thursday ,2456832
Meander Smith,Thursday ,3860736
Meander Smith,Thursday ,2456832
Meander Smith,Thursday ,3860736
Meander Smith,Thursday ,146259
Meander Smith,Thursday ,83577
Meander Smith,Thursday ,6317568
Meander Smith,Thursday ,10821
Meander Smith,Thursday ,21641
Meander Smith,Thursday ,75745
Meander Smith,Thursday ,5264640
Meander Smith,Thursday ,2456832
Meander Smith,Thursday ,4913664
Meander Smith,Thursday ,32462
Meander Smith,Thursday ,86565
Meander Smith,Thursday ,75745
Meander Smith,Thursday ,21641
Meander Smith,Thursday ,3509760
Meander Smith,Thursday ,10821
Meander Smith,Thursday ,3509760
Meander Smith,Thursday ,5264640
Meander Smith,Thursday ,32462
Meander Smith,Thursday ,43283
Meander Smith,Thursday ,2456832
Michael O'Leary,Thursday ,0
Michael O'Leary,Thursday ,192343
Michael O'Leary,Thursday ,109910
Michael O'Leary,Thursday ,0
Michael O'Leary,Thursday ,0
Michael O'Leary,Thursday ,164866
Michael O'Leary,Thursday ,128229
Michael O'Leary,Thursday ,0
Michael O'Leary,Thursday ,155706
Michael O'Leary,Thursday ,119070
Michael O'Leary,Thursday ,6886016
Michael O'Leary,Thursday ,100751
Michael O'Leary,Thursday ,16354289
Michael O'Leary,Thursday ,174025
Michael O'Leary,Thursday ,0
Michael O'Leary,Thursday ,0
Michael O'Leary,Thursday ,128229
Michael O'Leary,Thursday ,8607520
Michael O'Leary,Thursday ,82433
Michael O'Leary,Thursday ,164866
Michael O'Leary,Thursday ,137388
Michael O'Leary,Thursday ,0
Michael O'Leary,Thursday ,12050528
Michael O'Leary,Thursday ,100751
Michael O'Leary,Thursday ,183184
Michael O'Leary,Thursday ,15493537
Michael O'Leary,Thursday ,6886016
Michael O'Leary,Thursday ,0
Michael O'Leary,Thursday ,0
Michael O'Leary,Thursday ,0
Michael O'Leary,Thursday ,6025264
Michael O'Leary,Thursday ,0
Michael O'Leary,Thursday ,0
Michael O'Leary,Thursday ,0
Michael O'Leary,Thursday ,5164512
Michael O'Leary,Thursday ,0
Michael O'Leary,Thursday ,0
Michael O'Leary,Thursday ,0
Michael O'Leary,Thursday ,0
Michael O'Leary,Thursday ,0
Michael O'Leary,Thursday ,0
Michael O'Leary,Thursday ,6886016
Michael O'Leary,Thursday ,0
Michael O'Leary,Thursday ,6025264
Michael O'Leary,Thursday ,0
Michael O'Leary,Thursday ,0
Michael O'Leary,Thursday ,0
Michael O'Leary,Thursday ,6886016
Michael O'Leary,Thursday ,0
Michael O'Leary,Thursday ,0
Michael O'Leary,Thursday ,8607520
Michael O'Leary,Thursday ,0
Michael O'Leary,Thursday ,0
Michael O'Leary,Thursday ,11189776
Michael O'Leary,Thursday ,11189776
Michael O'Leary,Thursday ,0
Michel DeFrance,Thursday ,15119955
Michel DeFrance,Thursday ,13229961
Michel DeFrance,Thursday ,15119955
Michel DeFrance,Thursday ,12284964
Michel DeFrance,Thursday ,18899944
Michel DeFrance,Thursday ,17009950
Michel DeFrance,Thursday ,19844941
Michel DeFrance,Thursday ,17954947
Michel DeFrance,Thursday ,17009950
Michel DeFrance,Thursday ,14174958
Michel DeFrance,Thursday ,23624930
Michel DeFrance,Thursday ,17954947
Michel DeFrance,Thursday ,16064952
Michel DeFrance,Thursday ,11339966
Michel DeFrance,Thursday ,15574249
Michel DeFrance,Thursday ,21136481
Michel DeFrance,Thursday ,20024035
Michel DeFrance,Thursday ,13349356
Michel DeFrance,Thursday ,15574249
Michel DeFrance,Thursday ,23361374
Michel DeFrance,Thursday ,17799142
Michel DeFrance,Thursday ,21136481
Michel DeFrance,Thursday ,17799142
Michel DeFrance,Thursday ,17799142
Michel DeFrance,Thursday ,4449785
Michel DeFrance,Thursday ,14461803
Michel DeFrance,Thursday ,18911588
Michel DeFrance,Thursday ,24473820
Michel DeFrance,Thursday ,301054
Michel DeFrance,Thursday ,476669
Michel DeFrance,Thursday ,476669
Michel DeFrance,Thursday ,451581
Michel DeFrance,Thursday ,476669
Michel DeFrance,Thursday ,476669
Michel DeFrance,Thursday ,351230
Michel DeFrance,Thursday ,326142
Michel DeFrance,Thursday ,250878
Michel DeFrance,Thursday ,301054
Michel DeFrance,Thursday ,301054
Michel DeFrance,Thursday ,677371
Michel DeFrance,Thursday ,451581
Michel DeFrance,Thursday ,351230
Morningstar Greene,Thursday ,5069655
Morningstar Greene,Thursday ,174758
Morningstar Greene,Thursday ,436896
Morningstar Greene,Thursday ,637437
Morningstar Greene,Thursday ,3379770
Morningstar Greene,Thursday ,1176806
Morningstar Greene,Thursday ,735504
Morningstar Greene,Thursday ,980672
Morningstar Greene,Thursday ,458741
Morningstar Greene,Thursday ,931638
Morningstar Greene,Thursday ,2816475
Morningstar Greene,Thursday ,539370
Morningstar Greene,Thursday ,371362
Morningstar Greene,Thursday ,784538
Morningstar Greene,Thursday ,1126590
Morningstar Greene,Thursday ,735504
Morningstar Greene,Thursday ,262138
Morningstar Greene,Thursday ,931638
Morningstar Greene,Thursday ,2816475
Morningstar Greene,Thursday ,490336
Morningstar Greene,Thursday ,196603
Morningstar Greene,Thursday ,931638
Morningstar Greene,Thursday ,1126590
Morningstar Greene,Thursday ,882605
Morningstar Greene,Thursday ,393206
Morningstar Greene,Thursday ,833571
Morningstar Greene,Thursday ,2253180
Morningstar Greene,Thursday ,588403
Morningstar Greene,Thursday ,506688
Morningstar Greene,Thursday ,506688
Morningstar Greene,Thursday ,717808
Morningstar Greene,Thursday ,548912
Morningstar Greene,Thursday ,633360
Morningstar Greene,Thursday ,422240
Morningstar Greene,Thursday ,675584
Morningstar Greene,Thursday ,506688
Morningstar Greene,Thursday ,844480
Morningstar Greene,Thursday ,464464
Morningstar Greene,Thursday ,633360
Morningstar Greene,Thursday ,675584
Morningstar Greene,Thursday ,717808
Morningstar Greene,Thursday ,844480
Morningstar Greene,Thursday ,458741
Morningstar Greene,Thursday ,1689885
Morningstar Greene,Thursday ,415051
Morningstar Greene,Thursday ,1689885
Morningstar Greene,Thursday ,327672
Morningstar Greene,Thursday ,1689885
Morningstar Greene,Thursday ,305827
Morningstar Greene,Thursday ,2816475
Morningstar Greene,Thursday ,3379770
Morningstar Greene,Thursday ,327672
Morningstar Greene,Thursday ,5069655
Morningstar Greene,Thursday ,436896
Morningstar Greene,Thursday ,1689885
Morningstar Greene,Thursday ,349517
Reginald Blotchet-Halls,Thursday ,1045548
Reginald Blotchet-Halls,Thursday ,3546473
Reginald Blotchet-Halls,Thursday ,3546473
Reginald Blotchet-Halls,Thursday ,3273667
Reginald Blotchet-Halls,Thursday ,6820140
Reginald Blotchet-Halls,Thursday ,3273667
Reginald Blotchet-Halls,Thursday ,4364890
Reginald Blotchet-Halls,Thursday ,3819278
Reginald Blotchet-Halls,Thursday ,4637695
Reginald Blotchet-Halls,Thursday ,5456112
Reginald Blotchet-Halls,Thursday ,3546473
Reginald Blotchet-Halls,Thursday ,5183306
Reginald Blotchet-Halls,Thursday ,4364890
Reginald Blotchet-Halls,Thursday ,3819278
Reginald Blotchet-Halls,Thursday ,4637695
Reginald Blotchet-Halls,Thursday ,822360
Reginald Blotchet-Halls,Thursday ,1096480
Reginald Blotchet-Halls,Thursday ,657888
Reginald Blotchet-Halls,Thursday ,986832
Reginald Blotchet-Halls,Thursday ,657888
Reginald Blotchet-Halls,Thursday ,822360
Reginald Blotchet-Halls,Thursday ,657888
Reginald Blotchet-Halls,Thursday ,712712
Reginald Blotchet-Halls,Thursday ,603064
Reginald Blotchet-Halls,Thursday ,603064
Reginald Blotchet-Halls,Thursday ,328944
Reginald Blotchet-Halls,Thursday ,657888
Reginald Blotchet-Halls,Thursday ,1151304
Reginald Blotchet-Halls,Thursday ,986832
Reginald Blotchet-Halls,Thursday ,1626408
Reginald Blotchet-Halls,Thursday ,1045548
Reginald Blotchet-Halls,Thursday ,2323440
Reginald Blotchet-Halls,Thursday ,1510236
Reginald Blotchet-Halls,Thursday ,1045548
Reginald Blotchet-Halls,Thursday ,929376
Reginald Blotchet-Halls,Thursday ,1161720
Reginald Blotchet-Halls,Thursday ,1510236
Reginald Blotchet-Halls,Thursday ,1626408
Reginald Blotchet-Halls,Thursday ,1626408
Reginald Blotchet-Halls,Thursday ,1045548
Reginald Blotchet-Halls,Thursday ,1045548
Reginald Blotchet-Halls,Thursday ,1394064
Sheryl Hunter,Thursday ,4393200
Sheryl Hunter,Thursday ,2928800
Sheryl Hunter,Thursday ,3514560
Sheryl Hunter,Thursday ,4686080
Sheryl Hunter,Thursday ,4686080
Sheryl Hunter,Thursday ,4100320
Sheryl Hunter,Thursday ,4686080
Sheryl Hunter,Thursday ,6150480
Sheryl Hunter,Thursday ,5271840
Sheryl Hunter,Thursday ,2050160
Sheryl Hunter,Thursday ,4978960
Sheryl Hunter,Thursday ,6736240
Sheryl Hunter,Thursday ,7614880
Sheryl Hunter,Thursday ,5271840
Sheryl Hunter,Thursday ,35115
Sheryl Hunter,Thursday ,33164
Sheryl Hunter,Thursday ,33164
Sheryl Hunter,Thursday ,48771
Sheryl Hunter,Thursday ,39017
Sheryl Hunter,Thursday ,33164
Sheryl Hunter,Thursday ,35115
Sheryl Hunter,Thursday ,27312
Sheryl Hunter,Thursday ,25361
Sheryl Hunter,Thursday ,25361
Sheryl Hunter,Thursday ,29262
Sheryl Hunter,Thursday ,35115
Sheryl Hunter,Thursday ,25361
Sheryl Hunter,Thursday ,31213
Sheryl Hunter,Thursday ,4984868
Sheryl Hunter,Thursday ,5751771
Sheryl Hunter,Thursday ,6135222
Sheryl Hunter,Thursday ,4601416
Sheryl Hunter,Thursday ,4984868
Sheryl Hunter,Thursday ,8052479
Sheryl Hunter,Thursday ,6518673
Sheryl Hunter,Thursday ,5751771
Sheryl Hunter,Thursday ,7285576
Sheryl Hunter,Thursday ,5368319
Sheryl Hunter,Thursday ,6518673
Sheryl Hunter,Thursday ,5751771
Sheryl Hunter,Thursday ,3834514
Sheryl Hunter,Thursday ,5368319
Stearns MacFeather,Thursday ,1165270
Stearns MacFeather,Thursday ,11794
Stearns MacFeather,Thursday ,16006
Stearns MacFeather,Thursday ,10109
Stearns MacFeather,Thursday ,7582
Stearns MacFeather,Thursday ,14321
Stearns MacFeather,Thursday ,10951
Stearns MacFeather,Thursday ,12636
Stearns MacFeather,Thursday ,16006
Stearns MacFeather,Thursday ,18533
Stearns MacFeather,Thursday ,13478
Stearns MacFeather,Thursday ,10109
Stearns MacFeather,Thursday ,10951
Stearns MacFeather,Thursday ,10951
Stearns MacFeather,Thursday ,10951
Stearns MacFeather,Thursday ,116978
Stearns MacFeather,Thursday ,97481
Stearns MacFeather,Thursday ,58489
Stearns MacFeather,Thursday ,58489
Stearns MacFeather,Thursday ,136474
Stearns MacFeather,Thursday ,77985
Stearns MacFeather,Thursday ,97481
Stearns MacFeather,Thursday ,38993
Stearns MacFeather,Thursday ,38993
Stearns MacFeather,Thursday ,77985
Stearns MacFeather,Thursday ,116978
Stearns MacFeather,Thursday ,58489
Stearns MacFeather,Thursday ,19496
Stearns MacFeather,Thursday ,116978
Stearns MacFeather,Thursday ,1631378
Stearns MacFeather,Thursday ,466108
Stearns MacFeather,Thursday ,1165270
Stearns MacFeather,Thursday ,699162
Stearns MacFeather,Thursday ,466108
Stearns MacFeather,Thursday ,932216
Stearns MacFeather,Thursday ,1165270
Stearns MacFeather,Thursday ,699162
Stearns MacFeather,Thursday ,233054
Stearns MacFeather,Thursday ,699162
Stearns MacFeather,Thursday ,466108
Stearns MacFeather,Thursday ,1165270
Stearns MacFeather,Thursday ,1165270
Stearns MacFeather,Thursday ,658728
Stearns MacFeather,Thursday ,617558
Stearns MacFeather,Thursday ,988092
Stearns MacFeather,Thursday ,247023
Stearns MacFeather,Thursday ,782240
Stearns MacFeather,Thursday ,946922
Stearns MacFeather,Thursday ,452876
Stearns MacFeather,Thursday ,699899
Stearns MacFeather,Thursday ,452876
Stearns MacFeather,Thursday ,576387
Stearns MacFeather,Thursday ,741069
Stearns MacFeather,Thursday ,535217
Stearns MacFeather,Thursday ,576387
Stearns MacFeather,Thursday ,905751
Sylvia Panteley,Thursday ,3710080
Sylvia Panteley,Thursday ,4976611
Sylvia Panteley,Thursday ,2360960
Sylvia Panteley,Thursday ,404877
Sylvia Panteley,Thursday ,2360960
Sylvia Panteley,Thursday ,4976611
Sylvia Panteley,Thursday ,480511
Sylvia Panteley,Thursday ,3110382
Sylvia Panteley,Thursday ,336358
Sylvia Panteley,Thursday ,289198
Sylvia Panteley,Thursday ,288307
Sylvia Panteley,Thursday ,3732458
Sylvia Panteley,Thursday ,240256
Sylvia Panteley,Thursday ,578396
Sylvia Panteley,Thursday ,480511
Sylvia Panteley,Thursday ,3732458
Sylvia Panteley,Thursday ,528562
Sylvia Panteley,Thursday ,115679
Sylvia Panteley,Thursday ,768818
Sylvia Panteley,Thursday ,2488306
Sylvia Panteley,Thursday ,576613
Sylvia Panteley,Thursday ,528562
Sylvia Panteley,Thursday ,289198
Sylvia Panteley,Thursday ,528562
Sylvia Panteley,Thursday ,3732458
Sylvia Panteley,Thursday ,432460
Sylvia Panteley,Thursday ,289198
Sylvia Panteley,Thursday ,336358
Sylvia Panteley,Thursday ,2488306
Sylvia Panteley,Thursday ,480511
Sylvia Panteley,Thursday ,347038
Sylvia Panteley,Thursday ,2023680
Sylvia Panteley,Thursday ,1244153
Sylvia Panteley,Thursday ,2023680
Sylvia Panteley,Thursday ,404877
Sylvia Panteley,Thursday ,2360960
Sylvia Panteley,Thursday ,3110382
Sylvia Panteley,Thursday ,3204160
Sylvia Panteley,Thursday ,289198
Sylvia Panteley,Thursday ,3035520
Sylvia Panteley,Thursday ,3110382
Sylvia Panteley,Thursday ,2360960
Sylvia Panteley,Thursday ,231358
Sylvia Panteley,Thursday ,3710080
Sylvia Panteley,Thursday ,3110382
Sylvia Panteley,Thursday ,2192320
Sylvia Panteley,Thursday ,462717
Sylvia Panteley,Thursday ,1855040
Sylvia Panteley,Thursday ,3732458
Sylvia Panteley,Thursday ,3541440
Sylvia Panteley,Thursday ,347038
Sylvia Panteley,Thursday ,768818
Sylvia Panteley,Thursday ,2192320
Sylvia Panteley,Thursday ,289198
Abraham Bennet,Friday   ,141
Abraham Bennet,Friday   ,6453991
Abraham Bennet,Friday   ,3944106
Abraham Bennet,Friday   ,4661216
Abraham Bennet,Friday   ,6812546
Abraham Bennet,Friday   ,3585551
Abraham Bennet,Friday   ,2868440
Abraham Bennet,Friday   ,3226995
Abraham Bennet,Friday   ,3585551
Abraham Bennet,Friday   ,1792775
Abraham Bennet,Friday   ,5378326
Abraham Bennet,Friday   ,2868440
Abraham Bennet,Friday   ,3226995
Abraham Bennet,Friday   ,3226995
Abraham Bennet,Friday   ,6095436
Abraham Bennet,Friday   ,8614229
Abraham Bennet,Friday   ,10767787
Abraham Bennet,Friday   ,12921344
Abraham Bennet,Friday   ,8614229
Abraham Bennet,Friday   ,14357049
Abraham Bennet,Friday   ,15074901
Abraham Bennet,Friday   ,17946311
Abraham Bennet,Friday   ,9332082
Abraham Bennet,Friday   ,12921344
Abraham Bennet,Friday   ,10767787
Abraham Bennet,Friday   ,11485639
Abraham Bennet,Friday   ,7178525
Abraham Bennet,Friday   ,7896377
Abraham Bennet,Friday   ,13639197
Abraham Bennet,Friday   ,65524
Abraham Bennet,Friday   ,152889
Abraham Bennet,Friday   ,152889
Abraham Bennet,Friday   ,131048
Abraham Bennet,Friday   ,141968
Abraham Bennet,Friday   ,109206
Abraham Bennet,Friday   ,131048
Abraham Bennet,Friday   ,174730
Abraham Bennet,Friday   ,76444
Abraham Bennet,Friday   ,141968
Abraham Bennet,Friday   ,98286
Abraham Bennet,Friday   ,76444
Abraham Bennet,Friday   ,109206
Abraham Bennet,Friday   ,131048
Abraham Bennet,Friday   ,449107
Abraham Bennet,Friday   ,523958
Abraham Bennet,Friday   ,324355
Abraham Bennet,Friday   ,374256
Abraham Bennet,Friday   ,449107
Abraham Bennet,Friday   ,424157
Abraham Bennet,Friday   ,224554
Abraham Bennet,Friday   ,349306
Abraham Bennet,Friday   ,374256
Abraham Bennet,Friday   ,374256
Abraham Bennet,Friday   ,274454
Abraham Bennet,Friday   ,573859
Abraham Bennet,Friday   ,299405
Abraham Bennet,Friday   ,499008
Abraham Bennet,Friday   ,155121
Abraham Bennet,Friday   ,310242
Abraham Bennet,Friday   ,310242
Abraham Bennet,Friday   ,232682
Abraham Bennet,Friday   ,620485
Abraham Bennet,Friday   ,310242
Abraham Bennet,Friday   ,465364
Abraham Bennet,Friday   ,698045
Abraham Bennet,Friday   ,232682
Abraham Bennet,Friday   ,387803
Abraham Bennet,Friday   ,77561
Abraham Bennet,Friday   ,310242
Abraham Bennet,Friday   ,232682
Abraham Bennet,Friday   ,232682
Abraham Bennet,Friday   ,103776
Abraham Bennet,Friday   ,186797
Abraham Bennet,Friday   ,83021
Abraham Bennet,Friday   ,228307
Abraham Bennet,Friday   ,269818
Abraham Bennet,Friday   ,249062
Abraham Bennet,Friday   ,166042
Abraham Bennet,Friday   ,103776
Abraham Bennet,Friday   ,290573
Abraham Bennet,Friday   ,249062
Abraham Bennet,Friday   ,249062
Abraham Bennet,Friday   ,207552
Abraham Bennet,Friday   ,332083
Abraham Bennet,Friday   ,186797
Abraham Bennet,Friday   ,0
Abraham Bennet,Friday   ,0
Abraham Bennet,Friday   ,0
Abraham Bennet,Friday   ,0
Abraham Bennet,Friday   ,0
Abraham Bennet,Friday   ,0
Abraham Bennet,Friday   ,0
Abraham Bennet,Friday   ,0
Abraham Bennet,Friday   ,0
Abraham Bennet,Friday   ,0
Abraham Bennet,Friday   ,0
Abraham Bennet,Friday   ,0
Abraham Bennet,Friday   ,0
Abraham Bennet,Friday   ,0
Abraham Bennet,Friday   ,176
Abraham Bennet,Friday   ,158
Abraham Bennet,Friday   ,176
Abraham Bennet,Friday   ,211
Abraham Bennet,Friday   ,123
Abraham Bennet,Friday   ,176
Abraham Bennet,Friday   ,194
Abraham Bennet,Friday   ,211
Abraham Bennet,Friday   ,88
Abraham Bennet,Friday   ,334
Abraham Bennet,Friday   ,176
Abraham Bennet,Friday   ,211
Abraham Bennet,Friday   ,282
Albert Ringer,Friday   ,327819
Albert Ringer,Friday   ,961780
Albert Ringer,Friday   ,506200
Albert Ringer,Friday   ,404960
Albert Ringer,Friday   ,708680
Albert Ringer,Friday   ,607440
Albert Ringer,Friday   ,607440
Albert Ringer,Friday   ,455580
Albert Ringer,Friday   ,607440
Albert Ringer,Friday   ,607440
Albert Ringer,Friday   ,759300
Albert Ringer,Friday   ,506200
Albert Ringer,Friday   ,708680
Albert Ringer,Friday   ,658060
Albert Ringer,Friday   ,556820
Albert Ringer,Friday   ,13376585
Albert Ringer,Friday   ,10032439
Albert Ringer,Friday   ,13376585
Albert Ringer,Friday   ,13376585
Albert Ringer,Friday   ,18392805
Albert Ringer,Friday   ,16720732
Albert Ringer,Friday   ,20064878
Albert Ringer,Friday   ,15048659
Albert Ringer,Friday   ,31769390
Albert Ringer,Friday   ,10032439
Albert Ringer,Friday   ,13376585
Albert Ringer,Friday   ,21736951
Albert Ringer,Friday   ,21736951
Albert Ringer,Friday   ,15048659
Albert Ringer,Friday   ,327819
Albert Ringer,Friday   ,93663
Albert Ringer,Friday   ,234156
Albert Ringer,Friday   ,257572
Albert Ringer,Friday   ,234156
Albert Ringer,Friday   ,351234
Albert Ringer,Friday   ,304403
Albert Ringer,Friday   ,140494
Albert Ringer,Friday   ,234156
Albert Ringer,Friday   ,327819
Albert Ringer,Friday   ,304403
Albert Ringer,Friday   ,117078
Albert Ringer,Friday   ,210741
Albert Ringer,Friday   ,632874
Albert Ringer,Friday   ,1582185
Albert Ringer,Friday   ,949311
Albert Ringer,Friday   ,2847934
Albert Ringer,Friday   ,1898622
Albert Ringer,Friday   ,1265748
Albert Ringer,Friday   ,1582185
Albert Ringer,Friday   ,1582185
Albert Ringer,Friday   ,1898622
Albert Ringer,Friday   ,1582185
Albert Ringer,Friday   ,949311
Albert Ringer,Friday   ,949311
Albert Ringer,Friday   ,2215059
Albert Ringer,Friday   ,3164371
Albert Ringer,Friday   ,2022189
Albert Ringer,Friday   ,337032
Albert Ringer,Friday   ,1685158
Albert Ringer,Friday   ,2696252
Albert Ringer,Friday   ,1011095
Albert Ringer,Friday   ,1011095
Albert Ringer,Friday   ,3033284
Albert Ringer,Friday   ,1685158
Albert Ringer,Friday   ,674063
Albert Ringer,Friday   ,337032
Albert Ringer,Friday   ,1011095
Albert Ringer,Friday   ,1685158
Albert Ringer,Friday   ,674063
Albert Ringer,Friday   ,1348126
Albert Ringer,Friday   ,2089990
Albert Ringer,Friday   ,4179980
Albert Ringer,Friday   ,4179980
Albert Ringer,Friday   ,2089990
Albert Ringer,Friday   ,5224975
Albert Ringer,Friday   ,6269970
Albert Ringer,Friday   ,8359960
Albert Ringer,Friday   ,8359960
Albert Ringer,Friday   ,7314965
Albert Ringer,Friday   ,6269970
Albert Ringer,Friday   ,3134985
Albert Ringer,Friday   ,4179980
Albert Ringer,Friday   ,5224975
Albert Ringer,Friday   ,2089990
Ann Dull,Friday   ,424121
Ann Dull,Friday   ,578346
Ann Dull,Friday   ,501234
Ann Dull,Friday   ,279460
Ann Dull,Friday   ,539790
Ann Dull,Friday   ,230143
Ann Dull,Friday   ,213704
Ann Dull,Friday   ,263021
Ann Dull,Friday   ,378092
Ann Dull,Friday   ,848241
Ann Dull,Friday   ,1535497
Ann Dull,Friday   ,2193568
Ann Dull,Friday   ,501234
Ann Dull,Friday   ,1645176
Ann Dull,Friday   ,1425819
Ann Dull,Friday   ,213704
Ann Dull,Friday   ,1754854
Ann Dull,Friday   ,2303246
Ann Dull,Friday   ,732572
Ann Dull,Friday   ,1535497
Ann Dull,Friday   ,539790
Ann Dull,Friday   ,246582
Ann Dull,Friday   ,1535497
Ann Dull,Friday   ,279460
Ann Dull,Friday   ,578346
Ann Dull,Friday   ,279460
Ann Dull,Friday   ,1645176
Ann Dull,Friday   ,147949
Ann Dull,Friday   ,462677
Ann Dull,Friday   ,312337
Ann Dull,Friday   ,539790
Ann Dull,Friday   ,328776
Ann Dull,Friday   ,1316141
Ann Dull,Friday   ,1864532
Ann Dull,Friday   ,1864532
Ann Dull,Friday   ,2741960
Ann Dull,Friday   ,115072
Ann Dull,Friday   ,732572
Ann Dull,Friday   ,2303246
Ann Dull,Friday   ,462677
Ann Dull,Friday   ,694016
Ann Dull,Friday   ,345215
Anne Ringer,Friday   ,5056055
Anne Ringer,Friday   ,358394
Anne Ringer,Friday   ,3438117
Anne Ringer,Friday   ,3842602
Anne Ringer,Friday   ,4449328
Anne Ringer,Friday   ,517681
Anne Ringer,Friday   ,637146
Anne Ringer,Friday   ,438038
Anne Ringer,Friday   ,597324
Anne Ringer,Friday   ,477859
Anne Ringer,Friday   ,597324
Anne Ringer,Friday   ,2224664
Anne Ringer,Friday   ,438038
Anne Ringer,Friday   ,119465
Anne Ringer,Friday   ,637146
Anne Ringer,Friday   ,358394
Anne Ringer,Friday   ,2022422
Anne Ringer,Friday   ,2426906
Anne Ringer,Friday   ,2426906
Anne Ringer,Friday   ,3438117
Anne Ringer,Friday   ,597324
Anne Ringer,Friday   ,2022422
Anne Ringer,Friday   ,278751
Anne Ringer,Friday   ,3438117
Anne Ringer,Friday   ,2629149
Anne Ringer,Friday   ,3033633
Anne Ringer,Friday   ,4853813
Anne Ringer,Friday   ,398216
Burt Gringlesby,Friday   ,467432
Burt Gringlesby,Friday   ,133552
Burt Gringlesby,Friday   ,467432
Burt Gringlesby,Friday   ,1544208
Burt Gringlesby,Friday   ,5156088
Burt Gringlesby,Friday   ,300492
Burt Gringlesby,Friday   ,1235366
Burt Gringlesby,Friday   ,4419504
Burt Gringlesby,Friday   ,300492
Burt Gringlesby,Friday   ,801312
Burt Gringlesby,Friday   ,7365840
Burt Gringlesby,Friday   ,2058944
Burt Gringlesby,Friday   ,567596
Burt Gringlesby,Friday   ,333880
Burt Gringlesby,Friday   ,3314628
Burt Gringlesby,Friday   ,600984
Burt Gringlesby,Friday   ,1750102
Burt Gringlesby,Friday   ,4419504
Burt Gringlesby,Friday   ,5892672
Burt Gringlesby,Friday   ,634372
Burt Gringlesby,Friday   ,4419504
Burt Gringlesby,Friday   ,1029472
Burt Gringlesby,Friday   ,534208
Burt Gringlesby,Friday   ,5156088
Burt Gringlesby,Friday   ,634372
Burt Gringlesby,Friday   ,1955997
Burt Gringlesby,Friday   ,1853050
Burt Gringlesby,Friday   ,1955997
Burt Gringlesby,Friday   ,6260964
Burt Gringlesby,Friday   ,926525
Burt Gringlesby,Friday   ,1338314
Burt Gringlesby,Friday   ,534208
Burt Gringlesby,Friday   ,5524380
Burt Gringlesby,Friday   ,1853050
Burt Gringlesby,Friday   ,4419504
Burt Gringlesby,Friday   ,6997548
Burt Gringlesby,Friday   ,1750102
Burt Gringlesby,Friday   ,600984
Burt Gringlesby,Friday   ,10312176
Burt Gringlesby,Friday   ,1441261
Burt Gringlesby,Friday   ,5524380
Burt Gringlesby,Friday   ,2573680
Charlene Locksley,Friday   ,4394376
Charlene Locksley,Friday   ,1612419
Charlene Locksley,Friday   ,2821733
Charlene Locksley,Friday   ,1881156
Charlene Locksley,Friday   ,1478051
Charlene Locksley,Friday   ,2015524
Charlene Locksley,Friday   ,1746787
Charlene Locksley,Friday   ,2015524
Charlene Locksley,Friday   ,2821733
Charlene Locksley,Friday   ,2149892
Charlene Locksley,Friday   ,1881156
Charlene Locksley,Friday   ,1746787
Charlene Locksley,Friday   ,1746787
Charlene Locksley,Friday   ,2284260
Charlene Locksley,Friday   ,2149892
Charlene Locksley,Friday   ,401571
Charlene Locksley,Friday   ,535429
Charlene Locksley,Friday   ,374800
Charlene Locksley,Friday   ,588971
Charlene Locksley,Friday   ,455114
Charlene Locksley,Friday   ,428343
Charlene Locksley,Friday   ,428343
Charlene Locksley,Friday   ,508657
Charlene Locksley,Friday   ,321257
Charlene Locksley,Friday   ,348029
Charlene Locksley,Friday   ,374800
Charlene Locksley,Friday   ,481886
Charlene Locksley,Friday   ,428343
Charlene Locksley,Friday   ,455114
Charlene Locksley,Friday   ,3808459
Charlene Locksley,Friday   ,4980293
Charlene Locksley,Friday   ,4980293
Charlene Locksley,Friday   ,4980293
Charlene Locksley,Friday   ,2636626
Charlene Locksley,Friday   ,3808459
Charlene Locksley,Friday   ,6152126
Charlene Locksley,Friday   ,5273251
Charlene Locksley,Friday   ,4394376
Charlene Locksley,Friday   ,4394376
Charlene Locksley,Friday   ,3515501
Charlene Locksley,Friday   ,4980293
Charlene Locksley,Friday   ,4980293
Cheryl Carson,Friday   ,2871352
Cheryl Carson,Friday   ,398953
Cheryl Carson,Friday   ,1021439
Cheryl Carson,Friday   ,707150
Cheryl Carson,Friday   ,1827224
Cheryl Carson,Friday   ,199477
Cheryl Carson,Friday   ,1178584
Cheryl Carson,Friday   ,4437544
Cheryl Carson,Friday   ,224411
Cheryl Carson,Friday   ,5220640
Cheryl Carson,Friday   ,174542
Cheryl Carson,Friday   ,174542
Cheryl Carson,Friday   ,785723
Cheryl Carson,Friday   ,785723
Cheryl Carson,Friday   ,942867
Cheryl Carson,Friday   ,3654448
Cheryl Carson,Friday   ,199477
Cheryl Carson,Friday   ,6525800
Cheryl Carson,Friday   ,124673
Cheryl Carson,Friday   ,785723
Cheryl Carson,Friday   ,5481672
Cheryl Carson,Friday   ,707150
Cheryl Carson,Friday   ,5742704
Cheryl Carson,Friday   ,785723
Cheryl Carson,Friday   ,6525800
Cheryl Carson,Friday   ,174542
Cheryl Carson,Friday   ,249346
Cheryl Carson,Friday   ,785723
Cheryl Carson,Friday   ,785723
Cheryl Carson,Friday   ,550006
Cheryl Carson,Friday   ,299215
Cheryl Carson,Friday   ,4437544
Cheryl Carson,Friday   ,4176512
Cheryl Carson,Friday   ,498692
Cheryl Carson,Friday   ,864295
Cheryl Carson,Friday   ,349084
Cheryl Carson,Friday   ,6264768
Cheryl Carson,Friday   ,864295
Cheryl Carson,Friday   ,324150
Cheryl Carson,Friday   ,274280
Cheryl Carson,Friday   ,3132384
Cheryl Carson,Friday   ,4959608
Dean Straight,Friday   ,2224640
Dean Straight,Friday   ,4202098
Dean Straight,Friday   ,4898851
Dean Straight,Friday   ,5715326
Dean Straight,Friday   ,15652
Dean Straight,Friday   ,2471823
Dean Straight,Friday   ,3954916
Dean Straight,Friday   ,25043
Dean Straight,Friday   ,2024400
Dean Straight,Friday   ,2522664
Dean Straight,Friday   ,4082376
Dean Straight,Friday   ,2966187
Dean Straight,Friday   ,840888
Dean Straight,Friday   ,2361800
Dean Straight,Friday   ,3954916
Dean Straight,Friday   ,2361800
Dean Straight,Friday   ,2449426
Dean Straight,Friday   ,4082376
Dean Straight,Friday   ,15652
Dean Straight,Friday   ,4898851
Dean Straight,Friday   ,3711400
Dean Straight,Friday   ,3460552
Dean Straight,Friday   ,6531802
Dean Straight,Friday   ,2522664
Dean Straight,Friday   ,2361800
Dean Straight,Friday   ,2471823
Dean Straight,Friday   ,5061000
Dean Straight,Friday   ,1051110
Dean Straight,Friday   ,3374000
Dean Straight,Friday   ,2732886
Dean Straight,Friday   ,12522
Dean Straight,Friday   ,2699200
Dean Straight,Friday   ,2449426
Dean Straight,Friday   ,15652
Dean Straight,Friday   ,2102220
Dean Straight,Friday   ,816475
Dean Straight,Friday   ,4386200
Dean Straight,Friday   ,4835106
Dean Straight,Friday   ,15652
Dean Straight,Friday   ,12522
Dean Straight,Friday   ,9391
Dean Straight,Friday   ,3711400
Dean Straight,Friday   ,2361800
Dean Straight,Friday   ,1891998
Dean Straight,Friday   ,6261
Dean Straight,Friday   ,3153330
Dean Straight,Friday   ,15652
Dean Straight,Friday   ,4048800
Dean Straight,Friday   ,2102220
Dean Straight,Friday   ,9391
Dean Straight,Friday   ,12522
Dean Straight,Friday   ,2943108
Dean Straight,Friday   ,9391
Dean Straight,Friday   ,1891998
Dean Straight,Friday   ,21913
Dean Straight,Friday   ,1471554
Dean Straight,Friday   ,2449426
Dean Straight,Friday   ,1730276
Dean Straight,Friday   ,1681776
Dean Straight,Friday   ,3265901
Dean Straight,Friday   ,2966187
Dean Straight,Friday   ,5715326
Dean Straight,Friday   ,2471823
Dean Straight,Friday   ,1730276
Dean Straight,Friday   ,3265901
Dean Straight,Friday   ,3954916
Dean Straight,Friday   ,3711400
Dean Straight,Friday   ,2224640
Dean Straight,Friday   ,8164752
Dean Straight,Friday   ,2361800
Dirk Stringer,Friday   ,63647813
Dirk Stringer,Friday   ,31823906
Dirk Stringer,Friday   ,0
Dirk Stringer,Friday   ,7982424
Dirk Stringer,Friday   ,39779883
Dirk Stringer,Friday   ,6531075
Dirk Stringer,Friday   ,9433774
Dirk Stringer,Friday   ,0
Dirk Stringer,Friday   ,0
Dirk Stringer,Friday   ,42431875
Dirk Stringer,Friday   ,0
Dirk Stringer,Friday   ,34475899
Dirk Stringer,Friday   ,9433774
Dirk Stringer,Friday   ,0
Dirk Stringer,Friday   ,0
Dirk Stringer,Friday   ,5805400
Dirk Stringer,Friday   ,31823906
Dirk Stringer,Friday   ,26519922
Dirk Stringer,Friday   ,31823906
Dirk Stringer,Friday   ,34475899
Dirk Stringer,Friday   ,0
Dirk Stringer,Friday   ,34475899
Dirk Stringer,Friday   ,5805400
Dirk Stringer,Friday   ,0
Dirk Stringer,Friday   ,37127891
Dirk Stringer,Friday   ,0
Dirk Stringer,Friday   ,6531075
Dirk Stringer,Friday   ,53039844
Dirk Stringer,Friday   ,42431875
Dirk Stringer,Friday   ,5805400
Dirk Stringer,Friday   ,63647813
Dirk Stringer,Friday   ,5805400
Dirk Stringer,Friday   ,0
Dirk Stringer,Friday   ,0
Dirk Stringer,Friday   ,10159449
Dirk Stringer,Friday   ,0
Dirk Stringer,Friday   ,10885124
Dirk Stringer,Friday   ,6531075
Dirk Stringer,Friday   ,5805400
Dirk Stringer,Friday   ,0
Dirk Stringer,Friday   ,7982424
Dirk Stringer,Friday   ,0
Heather McBadden,Friday   ,5952765
Heather McBadden,Friday   ,128016
Heather McBadden,Friday   ,390960
Heather McBadden,Friday   ,312768
Heather McBadden,Friday   ,156384
Heather McBadden,Friday   ,625536
Heather McBadden,Friday   ,78192
Heather McBadden,Friday   ,8333871
Heather McBadden,Friday   ,268375
Heather McBadden,Friday   ,547344
Heather McBadden,Friday   ,805125
Heather McBadden,Friday   ,234576
Heather McBadden,Friday   ,8333871
Heather McBadden,Friday   ,536750
Heather McBadden,Friday   ,156384
Heather McBadden,Friday   ,805125
Heather McBadden,Friday   ,1190553
Heather McBadden,Friday   ,1878625
Heather McBadden,Friday   ,547344
Heather McBadden,Friday   ,469152
Heather McBadden,Friday   ,1073500
Heather McBadden,Friday   ,8333871
Heather McBadden,Friday   ,805125
Heather McBadden,Friday   ,390960
Heather McBadden,Friday   ,2381106
Heather McBadden,Friday   ,703728
Heather McBadden,Friday   ,2415375
Heather McBadden,Friday   ,3571659
Heather McBadden,Friday   ,805125
Heather McBadden,Friday   ,469152
Heather McBadden,Friday   ,11905530
Heather McBadden,Friday   ,3571659
Heather McBadden,Friday   ,390960
Heather McBadden,Friday   ,5952765
Heather McBadden,Friday   ,155448
Heather McBadden,Friday   ,1341875
Heather McBadden,Friday   ,7143318
Heather McBadden,Friday   ,3571659
Heather McBadden,Friday   ,13303875
Heather McBadden,Friday   ,182880
Heather McBadden,Friday   ,9210375
Heather McBadden,Friday   ,164592
Heather McBadden,Friday   ,1341875
Heather McBadden,Friday   ,9210375
Heather McBadden,Friday   ,137160
Heather McBadden,Friday   ,3571659
Heather McBadden,Friday   ,6140250
Heather McBadden,Friday   ,10233750
Heather McBadden,Friday   ,82296
Heather McBadden,Friday   ,2147000
Heather McBadden,Friday   ,8187000
Heather McBadden,Friday   ,128016
Heather McBadden,Friday   ,11257125
Heather McBadden,Friday   ,128016
Heather McBadden,Friday   ,9210375
Heather McBadden,Friday   ,6140250
Heather McBadden,Friday   ,1073500
Heather McBadden,Friday   ,118872
Heather McBadden,Friday   ,14327250
Heather McBadden,Friday   ,9524424
Heather McBadden,Friday   ,219456
Heather McBadden,Friday   ,9210375
Heather McBadden,Friday   ,182880
Heather McBadden,Friday   ,9210375
Heather McBadden,Friday   ,1610250
Heather McBadden,Friday   ,100584
Heather McBadden,Friday   ,10233750
Heather McBadden,Friday   ,146304
Heather McBadden,Friday   ,12280500
Heather McBadden,Friday   ,118872
Innes del Castillo,Friday   ,17244341
Innes del Castillo,Friday   ,313275
Innes del Castillo,Friday   ,12706357
Innes del Castillo,Friday   ,2723132
Innes del Castillo,Friday   ,365488
Innes del Castillo,Friday   ,19059535
Innes del Castillo,Friday   ,2723132
Innes del Castillo,Friday   ,652657
Innes del Castillo,Friday   ,3501169
Innes del Castillo,Friday   ,365488
Innes del Castillo,Friday   ,208850
Innes del Castillo,Friday   ,2528622
Innes del Castillo,Friday   ,417700
Innes del Castillo,Friday   ,3695679
Innes del Castillo,Friday   ,287169
Innes del Castillo,Friday   ,2334113
Innes del Castillo,Friday   ,10891163
Innes del Castillo,Friday   ,2528622
Innes del Castillo,Friday   ,16336744
Innes del Castillo,Friday   ,14521550
Innes del Castillo,Friday   ,522125
Innes del Castillo,Friday   ,417700
Innes del Castillo,Friday   ,469913
Innes del Castillo,Friday   ,2139604
Innes del Castillo,Friday   ,14521550
Innes del Castillo,Friday   ,3501169
Innes del Castillo,Friday   ,14521550
Innes del Castillo,Friday   ,2528622
Innes del Castillo,Friday   ,2917641
Innes del Castillo,Friday   ,417700
Innes del Castillo,Friday   ,8168372
Innes del Castillo,Friday   ,14521550
Innes del Castillo,Friday   ,12706357
Innes del Castillo,Friday   ,4279207
Innes del Castillo,Friday   ,313275
Innes del Castillo,Friday   ,365488
Innes del Castillo,Friday   ,6353178
Innes del Castillo,Friday   ,443807
Innes del Castillo,Friday   ,1945094
Innes del Castillo,Friday   ,1945094
Innes del Castillo,Friday   ,9075969
Innes del Castillo,Friday   ,16336744
Johnson White,Friday   ,125492
Johnson White,Friday   ,1415245
Johnson White,Friday   ,175689
Johnson White,Friday   ,75295
Johnson White,Friday   ,2740674
Johnson White,Friday   ,75295
Johnson White,Friday   ,1556770
Johnson White,Friday   ,1108710
Johnson White,Friday   ,849147
Johnson White,Friday   ,1219581
Johnson White,Friday   ,391986
Johnson White,Friday   ,5481349
Johnson White,Friday   ,831533
Johnson White,Friday   ,75295
Johnson White,Friday   ,50197
Johnson White,Friday   ,1273721
Johnson White,Friday   ,5872874
Johnson White,Friday   ,100394
Johnson White,Friday   ,279990
Johnson White,Friday   ,1496759
Johnson White,Friday   ,1061434
Johnson White,Friday   ,1219581
Johnson White,Friday   ,223992
Johnson White,Friday   ,636860
Johnson White,Friday   ,2349149
Johnson White,Friday   ,1108710
Johnson White,Friday   ,3915249
Johnson White,Friday   ,75295
Johnson White,Friday   ,849147
Johnson White,Friday   ,335988
Johnson White,Friday   ,223992
Johnson White,Friday   ,2349149
Johnson White,Friday   ,2349149
Johnson White,Friday   ,4698299
Johnson White,Friday   ,279990
Johnson White,Friday   ,279990
Johnson White,Friday   ,7830498
Johnson White,Friday   ,5872874
Johnson White,Friday   ,831533
Johnson White,Friday   ,125492
Johnson White,Friday   ,990672
Johnson White,Friday   ,55998
Johnson White,Friday   ,776097
Johnson White,Friday   ,335988
Johnson White,Friday   ,3523724
Johnson White,Friday   ,609791
Johnson White,Friday   ,1164146
Johnson White,Friday   ,636860
Johnson White,Friday   ,919909
Johnson White,Friday   ,4306774
Johnson White,Friday   ,150590
Johnson White,Friday   ,1164146
Johnson White,Friday   ,167994
Johnson White,Friday   ,223992
Johnson White,Friday   ,75295
Johnson White,Friday   ,919909
Johnson White,Friday   ,1415245
Johnson White,Friday   ,831533
Johnson White,Friday   ,2349149
Johnson White,Friday   ,100394
Johnson White,Friday   ,175689
Johnson White,Friday   ,1344483
Johnson White,Friday   ,223992
Johnson White,Friday   ,776097
Johnson White,Friday   ,125492
Johnson White,Friday   ,1273721
Johnson White,Friday   ,720662
Johnson White,Friday   ,279990
Johnson White,Friday   ,3915249
Johnson White,Friday   ,391986
Livia Karsen,Friday   ,503807
Livia Karsen,Friday   ,169632
Livia Karsen,Friday   ,9099635
Livia Karsen,Friday   ,12739489
Livia Karsen,Friday   ,12739489
Livia Karsen,Friday   ,10919562
Livia Karsen,Friday   ,1763323
Livia Karsen,Friday   ,1763323
Livia Karsen,Friday   ,212040
Livia Karsen,Friday   ,1259517
Livia Karsen,Friday   ,1259517
Livia Karsen,Friday   ,116622
Livia Karsen,Friday   ,2519033
Livia Karsen,Friday   ,74214
Livia Karsen,Friday   ,1259517
Livia Karsen,Friday   ,3639854
Livia Karsen,Friday   ,212040
Livia Karsen,Friday   ,1007613
Livia Karsen,Friday   ,1511420
Livia Karsen,Friday   ,265050
Livia Karsen,Friday   ,2519033
Livia Karsen,Friday   ,95418
Livia Karsen,Friday   ,1259517
Livia Karsen,Friday   ,7279708
Livia Karsen,Friday   ,3639854
Livia Karsen,Friday   ,190836
Livia Karsen,Friday   ,755710
Livia Karsen,Friday   ,84816
Livia Karsen,Friday   ,10919562
Livia Karsen,Friday   ,21839125
Livia Karsen,Friday   ,190836
Livia Karsen,Friday   ,14559417
Livia Karsen,Friday   ,1007613
Livia Karsen,Friday   ,137826
Livia Karsen,Friday   ,1259517
Livia Karsen,Friday   ,7279708
Livia Karsen,Friday   ,159030
Livia Karsen,Friday   ,127224
Livia Karsen,Friday   ,10919562
Livia Karsen,Friday   ,201438
Livia Karsen,Friday   ,12739489
Livia Karsen,Friday   ,12739489
Marjorie Green,Friday   ,1307989
Marjorie Green,Friday   ,5893517
Marjorie Green,Friday   ,5546839
Marjorie Green,Friday   ,846346
Marjorie Green,Friday   ,1077167
Marjorie Green,Friday   ,213588
Marjorie Green,Friday   ,0
Marjorie Green,Friday   ,6586872
Marjorie Green,Friday   ,276408
Marjorie Green,Friday   ,0
Marjorie Green,Friday   ,0
Marjorie Green,Friday   ,5893517
Marjorie Green,Friday   ,1077167
Marjorie Green,Friday   ,1692691
Marjorie Green,Friday   ,201024
Marjorie Green,Friday   ,0
Marjorie Green,Friday   ,238716
Marjorie Green,Friday   ,4853484
Marjorie Green,Friday   ,0
Marjorie Green,Friday   ,163332
Marjorie Green,Friday   ,201024
Marjorie Green,Friday   ,4506807
Marjorie Green,Friday   ,1154108
Marjorie Green,Friday   ,1000227
Marjorie Green,Friday   ,4160129
Marjorie Green,Friday   ,0
Marjorie Green,Friday   ,0
Marjorie Green,Friday   ,0
Marjorie Green,Friday   ,0
Marjorie Green,Friday   ,692465
Marjorie Green,Friday   ,150768
Marjorie Green,Friday   ,175896
Marjorie Green,Friday   ,4853484
Marjorie Green,Friday   ,0
Marjorie Green,Friday   ,5200162
Marjorie Green,Friday   ,226152
Marjorie Green,Friday   ,0
Marjorie Green,Friday   ,1461870
Marjorie Green,Friday   ,1231048
Marjorie Green,Friday   ,1077167
Marjorie Green,Friday   ,0
Marjorie Green,Friday   ,6933549
Marjorie Green,Friday   ,1461870
Marjorie Green,Friday   ,1307989
Marjorie Green,Friday   ,1077167
Marjorie Green,Friday   ,150768
Marjorie Green,Friday   ,188460
Marjorie Green,Friday   ,0
Marjorie Green,Friday   ,226152
Marjorie Green,Friday   ,4853484
Marjorie Green,Friday   ,113076
Marjorie Green,Friday   ,3466775
Marjorie Green,Friday   ,10053646
Marjorie Green,Friday   ,0
Marjorie Green,Friday   ,7973581
Marjorie Green,Friday   ,188460
Meander Smith,Friday   ,3158784
Meander Smith,Friday   ,146259
Meander Smith,Friday   ,3509760
Meander Smith,Friday   ,83577
Meander Smith,Friday   ,43283
Meander Smith,Friday   ,54103
Meander Smith,Friday   ,64924
Meander Smith,Friday   ,104471
Meander Smith,Friday   ,62682
Meander Smith,Friday   ,54103
Meander Smith,Friday   ,83577
Meander Smith,Friday   ,62682
Meander Smith,Friday   ,4211712
Meander Smith,Friday   ,125365
Meander Smith,Friday   ,54103
Meander Smith,Friday   ,62682
Meander Smith,Friday   ,5264640
Meander Smith,Friday   ,32462
Meander Smith,Friday   ,32462
Meander Smith,Friday   ,41788
Meander Smith,Friday   ,54103
Meander Smith,Friday   ,83577
Meander Smith,Friday   ,2456832
Meander Smith,Friday   ,1754880
Meander Smith,Friday   ,83577
Meander Smith,Friday   ,75745
Meander Smith,Friday   ,3509760
Meander Smith,Friday   ,83577
Meander Smith,Friday   ,2807808
Meander Smith,Friday   ,2807808
Meander Smith,Friday   ,4913664
Meander Smith,Friday   ,75745
Meander Smith,Friday   ,4913664
Meander Smith,Friday   ,21641
Meander Smith,Friday   ,3509760
Meander Smith,Friday   ,3509760
Meander Smith,Friday   ,54103
Meander Smith,Friday   ,5264640
Meander Smith,Friday   ,97386
Meander Smith,Friday   ,125365
Meander Smith,Friday   ,62682
Meander Smith,Friday   ,32462
Michael O'Leary,Friday   ,219821
Michael O'Leary,Friday   ,119070
Michael O'Leary,Friday   ,0
Michael O'Leary,Friday   ,91592
Michael O'Leary,Friday   ,155706
Michael O'Leary,Friday   ,0
Michael O'Leary,Friday   ,155706
Michael O'Leary,Friday   ,155706
Michael O'Leary,Friday   ,0
Michael O'Leary,Friday   ,219821
Michael O'Leary,Friday   ,119070
Michael O'Leary,Friday   ,0
Michael O'Leary,Friday   ,183184
Michael O'Leary,Friday   ,73274
Michael O'Leary,Friday   ,128229
Michael O'Leary,Friday   ,210662
Michael O'Leary,Friday   ,16354289
Michael O'Leary,Friday   ,137388
Michael O'Leary,Friday   ,11189776
Michael O'Leary,Friday   ,9468272
Michael O'Leary,Friday   ,54955
Michael O'Leary,Friday   ,11189776
Michael O'Leary,Friday   ,0
Michael O'Leary,Friday   ,7746768
Michael O'Leary,Friday   ,0
Michael O'Leary,Friday   ,0
Michael O'Leary,Friday   ,0
Michael O'Leary,Friday   ,0
Michael O'Leary,Friday   ,0
Michael O'Leary,Friday   ,12050528
Michael O'Leary,Friday   ,0
Michael O'Leary,Friday   ,10329024
Michael O'Leary,Friday   ,0
Michael O'Leary,Friday   ,0
Michael O'Leary,Friday   ,0
Michael O'Leary,Friday   ,6886016
Michael O'Leary,Friday   ,6025264
Michael O'Leary,Friday   ,10329024
Michael O'Leary,Friday   ,0
Michael O'Leary,Friday   ,0
Michael O'Leary,Friday   ,0
Michael O'Leary,Friday   ,0
Michael O'Leary,Friday   ,6886016
Michael O'Leary,Friday   ,9468272
Michael O'Leary,Friday   ,11189776
Michael O'Leary,Friday   ,11189776
Michael O'Leary,Friday   ,0
Michael O'Leary,Friday   ,0
Michael O'Leary,Friday   ,0
Michael O'Leary,Friday   ,0
Michael O'Leary,Friday   ,0
Michael O'Leary,Friday   ,0
Michael O'Leary,Friday   ,0
Michael O'Leary,Friday   ,0
Michael O'Leary,Friday   ,0
Michael O'Leary,Friday   ,0
Michel DeFrance,Friday   ,401405
Michel DeFrance,Friday   ,376317
Michel DeFrance,Friday   ,17799142
Michel DeFrance,Friday   ,27811159
Michel DeFrance,Friday   ,426493
Michel DeFrance,Friday   ,6614980
Michel DeFrance,Friday   ,476669
Michel DeFrance,Friday   ,18911588
Michel DeFrance,Friday   ,11339966
Michel DeFrance,Friday   ,13229961
Michel DeFrance,Friday   ,526844
Michel DeFrance,Friday   ,18911588
Michel DeFrance,Friday   ,22248927
Michel DeFrance,Friday   ,19844941
Michel DeFrance,Friday   ,351230
Michel DeFrance,Friday   ,20789938
Michel DeFrance,Friday   ,401405
Michel DeFrance,Friday   ,10394969
Michel DeFrance,Friday   ,13349356
Michel DeFrance,Friday   ,401405
Michel DeFrance,Friday   ,23624930
Michel DeFrance,Friday   ,16064952
Michel DeFrance,Friday   ,11339966
Michel DeFrance,Friday   ,23624930
Michel DeFrance,Friday   ,17009950
Michel DeFrance,Friday   ,376317
Michel DeFrance,Friday   ,20024035
Michel DeFrance,Friday   ,11339966
Michel DeFrance,Friday   ,10012017
Michel DeFrance,Friday   ,13229961
Michel DeFrance,Friday   ,21136481
Michel DeFrance,Friday   ,20024035
Michel DeFrance,Friday   ,351230
Michel DeFrance,Friday   ,17009950
Michel DeFrance,Friday   ,301054
Michel DeFrance,Friday   ,17799142
Michel DeFrance,Friday   ,677371
Michel DeFrance,Friday   ,23361374
Michel DeFrance,Friday   ,426493
Michel DeFrance,Friday   ,501757
Michel DeFrance,Friday   ,8899571
Michel DeFrance,Friday   ,12236910
Morningstar Greene,Friday   ,784538
Morningstar Greene,Friday   ,784538
Morningstar Greene,Friday   ,490336
Morningstar Greene,Friday   ,784538
Morningstar Greene,Friday   ,1029706
Morningstar Greene,Friday   ,588403
Morningstar Greene,Friday   ,735504
Morningstar Greene,Friday   ,490336
Morningstar Greene,Friday   ,3379770
Morningstar Greene,Friday   ,1126590
Morningstar Greene,Friday   ,3379770
Morningstar Greene,Friday   ,1126590
Morningstar Greene,Friday   ,3379770
Morningstar Greene,Friday   ,1689885
Morningstar Greene,Friday   ,2816475
Morningstar Greene,Friday   ,4506360
Morningstar Greene,Friday   ,2816475
Morningstar Greene,Friday   ,5632950
Morningstar Greene,Friday   ,2816475
Morningstar Greene,Friday   ,2816475
Morningstar Greene,Friday   ,2253180
Morningstar Greene,Friday   ,2816475
Morningstar Greene,Friday   ,591136
Morningstar Greene,Friday   ,393206
Morningstar Greene,Friday   ,591136
Morningstar Greene,Friday   ,371362
Morningstar Greene,Friday   ,464464
Morningstar Greene,Friday   ,283982
Morningstar Greene,Friday   ,591136
Morningstar Greene,Friday   ,240293
Morningstar Greene,Friday   ,591136
Morningstar Greene,Friday   ,844480
Morningstar Greene,Friday   ,283982
Morningstar Greene,Friday   ,717808
Morningstar Greene,Friday   ,349517
Morningstar Greene,Friday   ,548912
Morningstar Greene,Friday   ,371362
Morningstar Greene,Friday   ,506688
Morningstar Greene,Friday   ,283982
Morningstar Greene,Friday   ,464464
Morningstar Greene,Friday   ,262138
Morningstar Greene,Friday   ,802256
Morningstar Greene,Friday   ,371362
Morningstar Greene,Friday   ,591136
Morningstar Greene,Friday   ,262138
Morningstar Greene,Friday   ,717808
Morningstar Greene,Friday   ,415051
Morningstar Greene,Friday   ,380016
Morningstar Greene,Friday   ,349517
Morningstar Greene,Friday   ,539370
Morningstar Greene,Friday   ,415051
Morningstar Greene,Friday   ,490336
Morningstar Greene,Friday   ,490336
Morningstar Greene,Friday   ,441302
Morningstar Greene,Friday   ,882605
Morningstar Greene,Friday   ,784538
Reginald Blotchet-Halls,Friday   ,3273667
Reginald Blotchet-Halls,Friday   ,4910501
Reginald Blotchet-Halls,Friday   ,4637695
Reginald Blotchet-Halls,Friday   ,5183306
Reginald Blotchet-Halls,Friday   ,548240
Reginald Blotchet-Halls,Friday   ,5183306
Reginald Blotchet-Halls,Friday   ,5728918
Reginald Blotchet-Halls,Friday   ,5183306
Reginald Blotchet-Halls,Friday   ,1742580
Reginald Blotchet-Halls,Friday   ,1370600
Reginald Blotchet-Halls,Friday   ,929376
Reginald Blotchet-Halls,Friday   ,1161720
Reginald Blotchet-Halls,Friday   ,986832
Reginald Blotchet-Halls,Friday   ,929376
Reginald Blotchet-Halls,Friday   ,986832
Reginald Blotchet-Halls,Friday   ,1161720
Reginald Blotchet-Halls,Friday   ,493416
Reginald Blotchet-Halls,Friday   ,1045548
Reginald Blotchet-Halls,Friday   ,929376
Reginald Blotchet-Halls,Friday   ,697032
Reginald Blotchet-Halls,Friday   ,1277892
Reginald Blotchet-Halls,Friday   ,1045548
Reginald Blotchet-Halls,Friday   ,712712
Reginald Blotchet-Halls,Friday   ,1974924
Reginald Blotchet-Halls,Friday   ,767536
Reginald Blotchet-Halls,Friday   ,1742580
Reginald Blotchet-Halls,Friday   ,986832
Reginald Blotchet-Halls,Friday   ,1425424
Reginald Blotchet-Halls,Friday   ,603064
Reginald Blotchet-Halls,Friday   ,1151304
Reginald Blotchet-Halls,Friday   ,932008
Reginald Blotchet-Halls,Friday   ,1510236
Reginald Blotchet-Halls,Friday   ,986832
Reginald Blotchet-Halls,Friday   ,4910501
Reginald Blotchet-Halls,Friday   ,5183306
Reginald Blotchet-Halls,Friday   ,3273667
Reginald Blotchet-Halls,Friday   ,657888
Reginald Blotchet-Halls,Friday   ,5183306
Reginald Blotchet-Halls,Friday   ,929376
Reginald Blotchet-Halls,Friday   ,4910501
Reginald Blotchet-Halls,Friday   ,4364890
Reginald Blotchet-Halls,Friday   ,5183306
Sheryl Hunter,Friday   ,35115
Sheryl Hunter,Friday   ,23410
Sheryl Hunter,Friday   ,35115
Sheryl Hunter,Friday   ,11120090
Sheryl Hunter,Friday   ,27312
Sheryl Hunter,Friday   ,5564720
Sheryl Hunter,Friday   ,5368319
Sheryl Hunter,Friday   ,6135222
Sheryl Hunter,Friday   ,7669027
Sheryl Hunter,Friday   ,21459
Sheryl Hunter,Friday   ,4217965
Sheryl Hunter,Friday   ,5368319
Sheryl Hunter,Friday   ,27312
Sheryl Hunter,Friday   ,4601416
Sheryl Hunter,Friday   ,6518673
Sheryl Hunter,Friday   ,27312
Sheryl Hunter,Friday   ,4686080
Sheryl Hunter,Friday   ,4978960
Sheryl Hunter,Friday   ,5751771
Sheryl Hunter,Friday   ,6518673
Sheryl Hunter,Friday   ,4686080
Sheryl Hunter,Friday   ,4601416
Sheryl Hunter,Friday   ,40967
Sheryl Hunter,Friday   ,4100320
Sheryl Hunter,Friday   ,4686080
Sheryl Hunter,Friday   ,21459
Sheryl Hunter,Friday   ,31213
Sheryl Hunter,Friday   ,4393200
Sheryl Hunter,Friday   ,5751771
Sheryl Hunter,Friday   ,8435930
Sheryl Hunter,Friday   ,7029120
Sheryl Hunter,Friday   ,23410
Sheryl Hunter,Friday   ,35115
Sheryl Hunter,Friday   ,6150480
Sheryl Hunter,Friday   ,48771
Sheryl Hunter,Friday   ,4393200
Sheryl Hunter,Friday   ,4686080
Sheryl Hunter,Friday   ,4393200
Sheryl Hunter,Friday   ,2343040
Sheryl Hunter,Friday   ,5271840
Sheryl Hunter,Friday   ,31213
Sheryl Hunter,Friday   ,8819382
Stearns MacFeather,Friday   ,1631378
Stearns MacFeather,Friday   ,658728
Stearns MacFeather,Friday   ,15163
Stearns MacFeather,Friday   ,452876
Stearns MacFeather,Friday   ,116978
Stearns MacFeather,Friday   ,699899
Stearns MacFeather,Friday   ,214459
Stearns MacFeather,Friday   ,658728
Stearns MacFeather,Friday   ,10951
Stearns MacFeather,Friday   ,77985
Stearns MacFeather,Friday   ,535217
Stearns MacFeather,Friday   ,741069
Stearns MacFeather,Friday   ,13478
Stearns MacFeather,Friday   ,77985
Stearns MacFeather,Friday   ,19496
Stearns MacFeather,Friday   ,18533
Stearns MacFeather,Friday   ,136474
Stearns MacFeather,Friday   ,116978
Stearns MacFeather,Friday   ,932216
Stearns MacFeather,Friday   ,11794
Stearns MacFeather,Friday   ,11794
Stearns MacFeather,Friday   ,1165270
Stearns MacFeather,Friday   ,1398324
Stearns MacFeather,Friday   ,1398324
Stearns MacFeather,Friday   ,13478
Stearns MacFeather,Friday   ,1864433
Stearns MacFeather,Friday   ,21060
Stearns MacFeather,Friday   ,1631378
Stearns MacFeather,Friday   ,136474
Stearns MacFeather,Friday   ,1864433
Stearns MacFeather,Friday   ,14321
Stearns MacFeather,Friday   ,466108
Stearns MacFeather,Friday   ,97481
Stearns MacFeather,Friday   ,699162
Stearns MacFeather,Friday   ,1398324
Stearns MacFeather,Friday   ,116978
Stearns MacFeather,Friday   ,932216
Stearns MacFeather,Friday   ,18533
Stearns MacFeather,Friday   ,2097487
Stearns MacFeather,Friday   ,19375
Stearns MacFeather,Friday   ,699162
Stearns MacFeather,Friday   ,13478
Stearns MacFeather,Friday   ,116978
Stearns MacFeather,Friday   ,535217
Stearns MacFeather,Friday   ,905751
Stearns MacFeather,Friday   ,19496
Stearns MacFeather,Friday   ,617558
Stearns MacFeather,Friday   ,97481
Stearns MacFeather,Friday   ,411705
Stearns MacFeather,Friday   ,13478
Stearns MacFeather,Friday   ,658728
Stearns MacFeather,Friday   ,10951
Stearns MacFeather,Friday   ,452876
Stearns MacFeather,Friday   ,288194
Stearns MacFeather,Friday   ,617558
Stearns MacFeather,Friday   ,58489
Sylvia Panteley,Friday   ,1244153
Sylvia Panteley,Friday   ,3732458
Sylvia Panteley,Friday   ,528562
Sylvia Panteley,Friday   ,3372800
Sylvia Panteley,Friday   ,520556
Sylvia Panteley,Friday   ,3110382
Sylvia Panteley,Friday   ,4976611
Sylvia Panteley,Friday   ,2866880
Sylvia Panteley,Friday   ,3110382
Sylvia Panteley,Friday   ,624664
Sylvia Panteley,Friday   ,1244153
Sylvia Panteley,Friday   ,2866880
Sylvia Panteley,Friday   ,4354535
Sylvia Panteley,Friday   ,2023680
Sylvia Panteley,Friday   ,528562
Sylvia Panteley,Friday   ,1517760
Sylvia Panteley,Friday   ,432460
Sylvia Panteley,Friday   ,2488306
Sylvia Panteley,Friday   ,2488306
Sylvia Panteley,Friday   ,4890560
Sylvia Panteley,Friday   ,231358
Sylvia Panteley,Friday   ,2866880
Sylvia Panteley,Friday   ,4354535
Sylvia Panteley,Friday   ,528562
Sylvia Panteley,Friday   ,336358
Sylvia Panteley,Friday   ,173519
Sylvia Panteley,Friday   ,2488306
Sylvia Panteley,Friday   ,384409
Sylvia Panteley,Friday   ,720767
Sylvia Panteley,Friday   ,347038
Sylvia Panteley,Friday   ,384409
Sylvia Panteley,Friday   ,347038
Sylvia Panteley,Friday   ,289198
Sylvia Panteley,Friday   ,231358
Sylvia Panteley,Friday   ,578396
Sylvia Panteley,Friday   ,720767
Sylvia Panteley,Friday   ,347038
Sylvia Panteley,Friday   ,520556
Sylvia Panteley,Friday   ,173519
Sylvia Panteley,Friday   ,336358
Sylvia Panteley,Friday   ,173519
Sylvia Panteley,Friday   ,480511
Sylvia Panteley,Friday   ,347038
Sylvia Panteley,Friday   ,2866880
Sylvia Panteley,Friday   ,1349120
Sylvia Panteley,Friday   ,2529600
Sylvia Panteley,Friday   ,1855040
Sylvia Panteley,Friday   ,2698240
Sylvia Panteley,Friday   ,2488306
Sylvia Panteley,Friday   ,480511
Sylvia Panteley,Friday   ,4976611
Sylvia Panteley,Friday   ,768818
Sylvia Panteley,Friday   ,3541440
Sylvia Panteley,Friday   ,1244153
Sylvia Panteley,Friday   ,115679
Sylvia Panteley,Friday   ,2192320
Abraham Bennet,Saturday ,0
Abraham Bennet,Saturday ,290573
Abraham Bennet,Saturday ,542924
Abraham Bennet,Saturday ,199603
Abraham Bennet,Saturday ,4307115
Abraham Bennet,Saturday ,1792775
Abraham Bennet,Saturday ,10767787
Abraham Bennet,Saturday ,374256
Abraham Bennet,Saturday ,0
Abraham Bennet,Saturday ,246
Abraham Bennet,Saturday ,141968
Abraham Bennet,Saturday ,620485
Abraham Bennet,Saturday ,98286
Abraham Bennet,Saturday ,349306
Abraham Bennet,Saturday ,3585551
Abraham Bennet,Saturday ,0
Abraham Bennet,Saturday ,2868440
Abraham Bennet,Saturday ,332083
Abraham Bennet,Saturday ,0
Abraham Bennet,Saturday ,163809
Abraham Bennet,Saturday ,264
Abraham Bennet,Saturday ,158
Abraham Bennet,Saturday ,0
Abraham Bennet,Saturday ,109206
Abraham Bennet,Saturday ,0
Abraham Bennet,Saturday ,310242
Abraham Bennet,Saturday ,123
Abraham Bennet,Saturday ,194
Abraham Bennet,Saturday ,12203492
Abraham Bennet,Saturday ,232682
Abraham Bennet,Saturday ,120127
Abraham Bennet,Saturday ,3226995
Abraham Bennet,Saturday ,232682
Abraham Bennet,Saturday ,311328
Abraham Bennet,Saturday ,465364
Abraham Bennet,Saturday ,3944106
Abraham Bennet,Saturday ,12203492
Abraham Bennet,Saturday ,0
Abraham Bennet,Saturday ,158
Abraham Bennet,Saturday ,7896377
Abraham Bennet,Saturday ,399206
Abraham Bennet,Saturday ,176
Abraham Bennet,Saturday ,282
Abraham Bennet,Saturday ,8614229
Abraham Bennet,Saturday ,194
Abraham Bennet,Saturday ,387803
Abraham Bennet,Saturday ,65524
Abraham Bennet,Saturday ,311328
Abraham Bennet,Saturday ,548909
Abraham Bennet,Saturday ,449107
Abraham Bennet,Saturday ,158
Abraham Bennet,Saturday ,542924
Abraham Bennet,Saturday ,399206
Abraham Bennet,Saturday ,474058
Abraham Bennet,Saturday ,141968
Abraham Bennet,Saturday ,0
Abraham Bennet,Saturday ,11485639
Abraham Bennet,Saturday ,124531
Abraham Bennet,Saturday ,76444
Abraham Bennet,Saturday ,620485
Abraham Bennet,Saturday ,77561
Abraham Bennet,Saturday ,5736881
Abraham Bennet,Saturday ,43683
Abraham Bennet,Saturday ,0
Abraham Bennet,Saturday ,324355
Abraham Bennet,Saturday ,10049934
Abraham Bennet,Saturday ,145286
Abraham Bennet,Saturday ,166042
Abraham Bennet,Saturday ,0
Abraham Bennet,Saturday ,2868440
Abraham Bennet,Saturday ,14357049
Abraham Bennet,Saturday ,387803
Abraham Bennet,Saturday ,141
Abraham Bennet,Saturday ,166042
Abraham Bennet,Saturday ,174730
Abraham Bennet,Saturday ,224554
Abraham Bennet,Saturday ,186797
Abraham Bennet,Saturday ,2151330
Abraham Bennet,Saturday ,310242
Abraham Bennet,Saturday ,10049934
Abraham Bennet,Saturday ,3944106
Abraham Bennet,Saturday ,124531
Abraham Bennet,Saturday ,3944106
Abraham Bennet,Saturday ,299
Abraham Bennet,Saturday ,523958
Abraham Bennet,Saturday ,18664164
Abraham Bennet,Saturday ,109206
Abraham Bennet,Saturday ,186797
Abraham Bennet,Saturday ,2509885
Abraham Bennet,Saturday ,158
Abraham Bennet,Saturday ,0
Abraham Bennet,Saturday ,228307
Abraham Bennet,Saturday ,10767787
Abraham Bennet,Saturday ,158
Abraham Bennet,Saturday ,387803
Abraham Bennet,Saturday ,0
Abraham Bennet,Saturday ,228307
Abraham Bennet,Saturday ,109206
Abraham Bennet,Saturday ,374256
Abraham Bennet,Saturday ,3226995
Abraham Bennet,Saturday ,10049934
Abraham Bennet,Saturday ,109206
Abraham Bennet,Saturday ,0
Abraham Bennet,Saturday ,5019771
Abraham Bennet,Saturday ,465364
Abraham Bennet,Saturday ,54603
Abraham Bennet,Saturday ,7529656
Abraham Bennet,Saturday ,349306
Abraham Bennet,Saturday ,0
Abraham Bennet,Saturday ,269818
Abraham Bennet,Saturday ,374256
Abraham Bennet,Saturday ,10049934
Albert Ringer,Saturday ,2215059
Albert Ringer,Saturday ,4179980
Albert Ringer,Saturday ,1044995
Albert Ringer,Saturday ,4179980
Albert Ringer,Saturday ,2089990
Albert Ringer,Saturday ,6269970
Albert Ringer,Saturday ,7314965
Albert Ringer,Saturday ,6269970
Albert Ringer,Saturday ,7314965
Albert Ringer,Saturday ,4179980
Albert Ringer,Saturday ,6269970
Albert Ringer,Saturday ,3134985
Albert Ringer,Saturday ,8359960
Albert Ringer,Saturday ,3134985
Albert Ringer,Saturday ,2089990
Albert Ringer,Saturday ,674063
Albert Ringer,Saturday ,674063
Albert Ringer,Saturday ,2359221
Albert Ringer,Saturday ,2359221
Albert Ringer,Saturday ,1685158
Albert Ringer,Saturday ,1011095
Albert Ringer,Saturday ,1348126
Albert Ringer,Saturday ,1011095
Albert Ringer,Saturday ,2022189
Albert Ringer,Saturday ,1685158
Albert Ringer,Saturday ,1348126
Albert Ringer,Saturday ,337032
Albert Ringer,Saturday ,2022189
Albert Ringer,Saturday ,2696252
Albert Ringer,Saturday ,1265748
Albert Ringer,Saturday ,1265748
Albert Ringer,Saturday ,1265748
Albert Ringer,Saturday ,1265748
Albert Ringer,Saturday ,1582185
Albert Ringer,Saturday ,949311
Albert Ringer,Saturday ,2531497
Albert Ringer,Saturday ,1898622
Albert Ringer,Saturday ,1265748
Albert Ringer,Saturday ,632874
Albert Ringer,Saturday ,2215059
Albert Ringer,Saturday ,2847934
Albert Ringer,Saturday ,949311
Albert Ringer,Saturday ,257572
Albert Ringer,Saturday ,210741
Albert Ringer,Saturday ,234156
Albert Ringer,Saturday ,327819
Albert Ringer,Saturday ,374650
Albert Ringer,Saturday ,304403
Albert Ringer,Saturday ,140494
Albert Ringer,Saturday ,257572
Albert Ringer,Saturday ,210741
Albert Ringer,Saturday ,187325
Albert Ringer,Saturday ,163909
Albert Ringer,Saturday ,93663
Albert Ringer,Saturday ,163909
Albert Ringer,Saturday ,210741
Albert Ringer,Saturday ,20064878
Albert Ringer,Saturday ,20064878
Albert Ringer,Saturday ,21736951
Albert Ringer,Saturday ,8360366
Albert Ringer,Saturday ,18392805
Albert Ringer,Saturday ,18392805
Albert Ringer,Saturday ,15048659
Albert Ringer,Saturday ,15048659
Albert Ringer,Saturday ,11704512
Albert Ringer,Saturday ,11704512
Albert Ringer,Saturday ,16720732
Albert Ringer,Saturday ,16720732
Albert Ringer,Saturday ,28425244
Albert Ringer,Saturday ,16720732
Albert Ringer,Saturday ,253100
Albert Ringer,Saturday ,911160
Albert Ringer,Saturday ,354340
Albert Ringer,Saturday ,506200
Albert Ringer,Saturday ,556820
Albert Ringer,Saturday ,455580
Albert Ringer,Saturday ,253100
Albert Ringer,Saturday ,658060
Albert Ringer,Saturday ,455580
Albert Ringer,Saturday ,708680
Albert Ringer,Saturday ,809920
Albert Ringer,Saturday ,506200
Albert Ringer,Saturday ,506200
Albert Ringer,Saturday ,658060
Ann Dull,Saturday ,1535497
Ann Dull,Saturday ,147949
Ann Dull,Saturday ,312337
Ann Dull,Saturday ,213704
Ann Dull,Saturday ,1974211
Ann Dull,Saturday ,2083889
Ann Dull,Saturday ,1645176
Ann Dull,Saturday ,694016
Ann Dull,Saturday ,1645176
Ann Dull,Saturday ,1535497
Ann Dull,Saturday ,1974211
Ann Dull,Saturday ,501234
Ann Dull,Saturday ,578346
Ann Dull,Saturday ,2303246
Ann Dull,Saturday ,1754854
Ann Dull,Saturday ,385564
Ann Dull,Saturday ,213704
Ann Dull,Saturday ,328776
Ann Dull,Saturday ,312337
Ann Dull,Saturday ,2083889
Ann Dull,Saturday ,732572
Ann Dull,Saturday ,1974211
Ann Dull,Saturday ,732572
Ann Dull,Saturday ,312337
Ann Dull,Saturday ,1425819
Ann Dull,Saturday ,694016
Ann Dull,Saturday ,164388
Ann Dull,Saturday ,2193568
Ann Dull,Saturday ,501234
Ann Dull,Saturday ,462677
Ann Dull,Saturday ,347008
Ann Dull,Saturday ,295898
Ann Dull,Saturday ,694016
Ann Dull,Saturday ,378092
Ann Dull,Saturday ,230143
Ann Dull,Saturday ,732572
Ann Dull,Saturday ,246582
Ann Dull,Saturday ,616903
Ann Dull,Saturday ,1535497
Ann Dull,Saturday ,655459
Ann Dull,Saturday ,197266
Ann Dull,Saturday ,312337
Anne Ringer,Saturday ,238930
Anne Ringer,Saturday ,3438117
Anne Ringer,Saturday ,3438117
Anne Ringer,Saturday ,477859
Anne Ringer,Saturday ,1213453
Anne Ringer,Saturday ,3640360
Anne Ringer,Saturday ,398216
Anne Ringer,Saturday ,398216
Anne Ringer,Saturday ,438038
Anne Ringer,Saturday ,676967
Anne Ringer,Saturday ,4044844
Anne Ringer,Saturday ,3235875
Anne Ringer,Saturday ,3842602
Anne Ringer,Saturday ,159286
Anne Ringer,Saturday ,4247086
Anne Ringer,Saturday ,358394
Anne Ringer,Saturday ,3640360
Anne Ringer,Saturday ,1415695
Anne Ringer,Saturday ,398216
Anne Ringer,Saturday ,3235875
Anne Ringer,Saturday ,2224664
Anne Ringer,Saturday ,318573
Anne Ringer,Saturday ,438038
Anne Ringer,Saturday ,159286
Anne Ringer,Saturday ,238930
Anne Ringer,Saturday ,398216
Anne Ringer,Saturday ,3640360
Anne Ringer,Saturday ,2224664
Burt Gringlesby,Saturday ,1235366
Burt Gringlesby,Saturday ,7734132
Burt Gringlesby,Saturday ,1750102
Burt Gringlesby,Saturday ,5892672
Burt Gringlesby,Saturday ,5524380
Burt Gringlesby,Saturday ,1544208
Burt Gringlesby,Saturday ,1441261
Burt Gringlesby,Saturday ,801312
Burt Gringlesby,Saturday ,4787796
Burt Gringlesby,Saturday ,1544208
Burt Gringlesby,Saturday ,1750102
Burt Gringlesby,Saturday ,1235366
Burt Gringlesby,Saturday ,6260964
Burt Gringlesby,Saturday ,1955997
Burt Gringlesby,Saturday ,1441261
Burt Gringlesby,Saturday ,233716
Burt Gringlesby,Saturday ,1544208
Burt Gringlesby,Saturday ,434044
Burt Gringlesby,Saturday ,1441261
Burt Gringlesby,Saturday ,434044
Burt Gringlesby,Saturday ,4051212
Burt Gringlesby,Saturday ,534208
Burt Gringlesby,Saturday ,7734132
Burt Gringlesby,Saturday ,5156088
Burt Gringlesby,Saturday ,4419504
Burt Gringlesby,Saturday ,5156088
Burt Gringlesby,Saturday ,1132419
Burt Gringlesby,Saturday ,434044
Burt Gringlesby,Saturday ,1853050
Burt Gringlesby,Saturday ,5156088
Burt Gringlesby,Saturday ,6260964
Burt Gringlesby,Saturday ,4787796
Burt Gringlesby,Saturday ,434044
Burt Gringlesby,Saturday ,567596
Burt Gringlesby,Saturday ,567596
Burt Gringlesby,Saturday ,667760
Burt Gringlesby,Saturday ,500820
Burt Gringlesby,Saturday ,600984
Burt Gringlesby,Saturday ,6629256
Burt Gringlesby,Saturday ,534208
Burt Gringlesby,Saturday ,400656
Burt Gringlesby,Saturday ,1647155
Charlene Locksley,Saturday ,4394376
Charlene Locksley,Saturday ,2015524
Charlene Locksley,Saturday ,4980293
Charlene Locksley,Saturday ,1612419
Charlene Locksley,Saturday ,2687365
Charlene Locksley,Saturday ,481886
Charlene Locksley,Saturday ,2929584
Charlene Locksley,Saturday ,6445085
Charlene Locksley,Saturday ,5566210
Charlene Locksley,Saturday ,481886
Charlene Locksley,Saturday ,4980293
Charlene Locksley,Saturday ,615743
Charlene Locksley,Saturday ,428343
Charlene Locksley,Saturday ,214171
Charlene Locksley,Saturday ,481886
Charlene Locksley,Saturday ,348029
Charlene Locksley,Saturday ,374800
Charlene Locksley,Saturday ,3515501
Charlene Locksley,Saturday ,401571
Charlene Locksley,Saturday ,240943
Charlene Locksley,Saturday ,4687334
Charlene Locksley,Saturday ,535429
Charlene Locksley,Saturday ,2821733
Charlene Locksley,Saturday ,294486
Charlene Locksley,Saturday ,5859168
Charlene Locksley,Saturday ,1209314
Charlene Locksley,Saturday ,2149892
Charlene Locksley,Saturday ,348029
Charlene Locksley,Saturday ,5566210
Charlene Locksley,Saturday ,1478051
Charlene Locksley,Saturday ,5273251
Charlene Locksley,Saturday ,2284260
Charlene Locksley,Saturday ,2149892
Charlene Locksley,Saturday ,2149892
Charlene Locksley,Saturday ,2149892
Charlene Locksley,Saturday ,1746787
Charlene Locksley,Saturday ,4394376
Charlene Locksley,Saturday ,2636626
Charlene Locksley,Saturday ,321257
Charlene Locksley,Saturday ,1478051
Charlene Locksley,Saturday ,4687334
Charlene Locksley,Saturday ,3090470
Cheryl Carson,Saturday ,249346
Cheryl Carson,Saturday ,2871352
Cheryl Carson,Saturday ,74804
Cheryl Carson,Saturday ,942867
Cheryl Carson,Saturday ,4959608
Cheryl Carson,Saturday ,274280
Cheryl Carson,Saturday ,3654448
Cheryl Carson,Saturday ,374019
Cheryl Carson,Saturday ,1100012
Cheryl Carson,Saturday ,864295
Cheryl Carson,Saturday ,942867
Cheryl Carson,Saturday ,5220640
Cheryl Carson,Saturday ,707150
Cheryl Carson,Saturday ,274280
Cheryl Carson,Saturday ,3132384
Cheryl Carson,Saturday ,398953
Cheryl Carson,Saturday ,3393416
Cheryl Carson,Saturday ,249346
Cheryl Carson,Saturday ,274280
Cheryl Carson,Saturday ,6003736
Cheryl Carson,Saturday ,707150
Cheryl Carson,Saturday ,174542
Cheryl Carson,Saturday ,274280
Cheryl Carson,Saturday ,3132384
Cheryl Carson,Saturday ,2349288
Cheryl Carson,Saturday ,4176512
Cheryl Carson,Saturday ,628578
Cheryl Carson,Saturday ,1414301
Cheryl Carson,Saturday ,224411
Cheryl Carson,Saturday ,1100012
Cheryl Carson,Saturday ,3654448
Cheryl Carson,Saturday ,249346
Cheryl Carson,Saturday ,550006
Cheryl Carson,Saturday ,3393416
Cheryl Carson,Saturday ,3393416
Cheryl Carson,Saturday ,2610320
Cheryl Carson,Saturday ,1414301
Cheryl Carson,Saturday ,1257156
Cheryl Carson,Saturday ,423888
Cheryl Carson,Saturday ,785723
Cheryl Carson,Saturday ,249346
Cheryl Carson,Saturday ,1100012
Dean Straight,Saturday ,3153330
Dean Straight,Saturday ,2449426
Dean Straight,Saturday ,18782
Dean Straight,Saturday ,2102220
Dean Straight,Saturday ,12522
Dean Straight,Saturday ,2966187
Dean Straight,Saturday ,3374000
Dean Straight,Saturday ,15652
Dean Straight,Saturday ,2449426
Dean Straight,Saturday ,2224640
Dean Straight,Saturday ,2102220
Dean Straight,Saturday ,3374000
Dean Straight,Saturday ,4048800
Dean Straight,Saturday ,2102220
Dean Straight,Saturday ,25043
Dean Straight,Saturday ,12522
Dean Straight,Saturday ,5715326
Dean Straight,Saturday ,3374000
Dean Straight,Saturday ,1891998
Dean Straight,Saturday ,15652
Dean Straight,Saturday ,988729
Dean Straight,Saturday ,2224640
Dean Straight,Saturday ,12522
Dean Straight,Saturday ,2102220
Dean Straight,Saturday ,18782
Dean Straight,Saturday ,2471823
Dean Straight,Saturday ,4898851
Dean Straight,Saturday ,3265901
Dean Straight,Saturday ,6261
Dean Straight,Saturday ,12522
Dean Straight,Saturday ,2732886
Dean Straight,Saturday ,3036600
Dean Straight,Saturday ,3460552
Dean Straight,Saturday ,1471554
Dean Straight,Saturday ,15652
Dean Straight,Saturday ,2361800
Dean Straight,Saturday ,1977458
Dean Straight,Saturday ,18782
Dean Straight,Saturday ,1681776
Dean Straight,Saturday ,2966187
Dean Straight,Saturday ,5715326
Dean Straight,Saturday ,3036600
Dean Straight,Saturday ,3707734
Dean Straight,Saturday ,2732886
Dean Straight,Saturday ,1687000
Dean Straight,Saturday ,2471823
Dean Straight,Saturday ,3265901
Dean Straight,Saturday ,8164752
Dean Straight,Saturday ,2449426
Dean Straight,Saturday ,2719005
Dean Straight,Saturday ,3460552
Dean Straight,Saturday ,2732886
Dean Straight,Saturday ,15652
Dean Straight,Saturday ,4386200
Dean Straight,Saturday ,3265901
Dean Straight,Saturday ,3036600
Dean Straight,Saturday ,3265901
Dean Straight,Saturday ,3153330
Dean Straight,Saturday ,5715326
Dean Straight,Saturday ,4048800
Dean Straight,Saturday ,1730276
Dean Straight,Saturday ,15652
Dean Straight,Saturday ,4386200
Dean Straight,Saturday ,4386200
Dean Straight,Saturday ,2522664
Dean Straight,Saturday ,4723600
Dean Straight,Saturday ,2449426
Dean Straight,Saturday ,5715326
Dean Straight,Saturday ,1261332
Dean Straight,Saturday ,2719005
Dirk Stringer,Saturday ,6531075
Dirk Stringer,Saturday ,11610799
Dirk Stringer,Saturday ,0
Dirk Stringer,Saturday ,0
Dirk Stringer,Saturday ,29171914
Dirk Stringer,Saturday ,0
Dirk Stringer,Saturday ,6531075
Dirk Stringer,Saturday ,0
Dirk Stringer,Saturday ,0
Dirk Stringer,Saturday ,42431875
Dirk Stringer,Saturday ,0
Dirk Stringer,Saturday ,31823906
Dirk Stringer,Saturday ,0
Dirk Stringer,Saturday ,31823906
Dirk Stringer,Saturday ,60995821
Dirk Stringer,Saturday ,60995821
Dirk Stringer,Saturday ,11610799
Dirk Stringer,Saturday ,7982424
Dirk Stringer,Saturday ,50387852
Dirk Stringer,Saturday ,2177025
Dirk Stringer,Saturday ,37127891
Dirk Stringer,Saturday ,0
Dirk Stringer,Saturday ,29171914
Dirk Stringer,Saturday ,4354050
Dirk Stringer,Saturday ,2177025
Dirk Stringer,Saturday ,0
Dirk Stringer,Saturday ,0
Dirk Stringer,Saturday ,6531075
Dirk Stringer,Saturday ,10159449
Dirk Stringer,Saturday ,0
Dirk Stringer,Saturday ,8708099
Dirk Stringer,Saturday ,7982424
Dirk Stringer,Saturday ,42431875
Dirk Stringer,Saturday ,58343828
Dirk Stringer,Saturday ,47735860
Dirk Stringer,Saturday ,0
Dirk Stringer,Saturday ,9433774
Dirk Stringer,Saturday ,2902700
Dirk Stringer,Saturday ,50387852
Dirk Stringer,Saturday ,53039844
Dirk Stringer,Saturday ,0
Dirk Stringer,Saturday ,0
Heather McBadden,Saturday ,164592
Heather McBadden,Saturday ,805125
Heather McBadden,Saturday ,173736
Heather McBadden,Saturday ,10233750
Heather McBadden,Saturday ,11257125
Heather McBadden,Saturday ,6140250
Heather McBadden,Saturday ,118872
Heather McBadden,Saturday ,1878625
Heather McBadden,Saturday ,8333871
Heather McBadden,Saturday ,13303875
Heather McBadden,Saturday ,155448
Heather McBadden,Saturday ,128016
Heather McBadden,Saturday ,11257125
Heather McBadden,Saturday ,137160
Heather McBadden,Saturday ,5952765
Heather McBadden,Saturday ,109728
Heather McBadden,Saturday ,7143318
Heather McBadden,Saturday ,146304
Heather McBadden,Saturday ,8187000
Heather McBadden,Saturday ,5952765
Heather McBadden,Saturday ,1341875
Heather McBadden,Saturday ,156384
Heather McBadden,Saturday ,17397375
Heather McBadden,Saturday ,100584
Heather McBadden,Saturday ,625536
Heather McBadden,Saturday ,8187000
Heather McBadden,Saturday ,5952765
Heather McBadden,Saturday ,1341875
Heather McBadden,Saturday ,805125
Heather McBadden,Saturday ,12280500
Heather McBadden,Saturday ,3571659
Heather McBadden,Saturday ,805125
Heather McBadden,Saturday ,78192
Heather McBadden,Saturday ,137160
Heather McBadden,Saturday ,9210375
Heather McBadden,Saturday ,7143318
Heather McBadden,Saturday ,2415375
Heather McBadden,Saturday ,312768
Heather McBadden,Saturday ,7143318
Heather McBadden,Saturday ,1073500
Heather McBadden,Saturday ,3571659
Heather McBadden,Saturday ,312768
Heather McBadden,Saturday ,8187000
Heather McBadden,Saturday ,2415375
Heather McBadden,Saturday ,155448
Heather McBadden,Saturday ,547344
Heather McBadden,Saturday ,9524424
Heather McBadden,Saturday ,1073500
Heather McBadden,Saturday ,312768
Heather McBadden,Saturday ,9524424
Heather McBadden,Saturday ,1341875
Heather McBadden,Saturday ,547344
Heather McBadden,Saturday ,2147000
Heather McBadden,Saturday ,1073500
Heather McBadden,Saturday ,8333871
Heather McBadden,Saturday ,7163625
Heather McBadden,Saturday ,805125
Heather McBadden,Saturday ,390960
Heather McBadden,Saturday ,4762212
Heather McBadden,Saturday ,390960
Heather McBadden,Saturday ,469152
Heather McBadden,Saturday ,312768
Heather McBadden,Saturday ,469152
Heather McBadden,Saturday ,390960
Heather McBadden,Saturday ,128016
Heather McBadden,Saturday ,164592
Heather McBadden,Saturday ,12280500
Heather McBadden,Saturday ,155448
Heather McBadden,Saturday ,12280500
Innes del Castillo,Saturday ,391594
Innes del Castillo,Saturday ,2917641
Innes del Castillo,Saturday ,2139604
Innes del Castillo,Saturday ,208850
Innes del Castillo,Saturday ,391594
Innes del Castillo,Saturday ,3501169
Innes del Castillo,Saturday ,11798760
Innes del Castillo,Saturday ,2528622
Innes del Castillo,Saturday ,287169
Innes del Castillo,Saturday ,1945094
Innes del Castillo,Saturday ,14521550
Innes del Castillo,Saturday ,2334113
Innes del Castillo,Saturday ,469913
Innes del Castillo,Saturday ,469913
Innes del Castillo,Saturday ,23597519
Innes del Castillo,Saturday ,9983566
Innes del Castillo,Saturday ,2528622
Innes del Castillo,Saturday ,522125
Innes del Castillo,Saturday ,339382
Innes del Castillo,Saturday ,14521550
Innes del Castillo,Saturday ,3501169
Innes del Castillo,Saturday ,21782326
Innes del Castillo,Saturday ,339382
Innes del Castillo,Saturday ,12706357
Innes del Castillo,Saturday ,17244341
Innes del Castillo,Saturday ,417700
Innes del Castillo,Saturday ,2723132
Innes del Castillo,Saturday ,10891163
Innes del Castillo,Saturday ,1750585
Innes del Castillo,Saturday ,3501169
Innes del Castillo,Saturday ,2723132
Innes del Castillo,Saturday ,10891163
Innes del Castillo,Saturday ,261063
Innes del Castillo,Saturday ,3112151
Innes del Castillo,Saturday ,417700
Innes del Castillo,Saturday ,17244341
Innes del Castillo,Saturday ,13613954
Innes del Castillo,Saturday ,9983566
Innes del Castillo,Saturday ,13613954
Innes del Castillo,Saturday ,313275
Innes del Castillo,Saturday ,417700
Innes del Castillo,Saturday ,2917641
Johnson White,Saturday ,1061434
Johnson White,Saturday ,250984
Johnson White,Saturday ,447984
Johnson White,Saturday ,997839
Johnson White,Saturday ,424574
Johnson White,Saturday ,1061434
Johnson White,Saturday ,1061434
Johnson White,Saturday ,4306774
Johnson White,Saturday ,6264398
Johnson White,Saturday ,223992
Johnson White,Saturday ,167994
Johnson White,Saturday ,554355
Johnson White,Saturday ,776097
Johnson White,Saturday ,778385
Johnson White,Saturday ,5872874
Johnson White,Saturday ,886968
Johnson White,Saturday ,1415245
Johnson White,Saturday ,279990
Johnson White,Saturday ,279990
Johnson White,Saturday ,175689
Johnson White,Saturday ,1164146
Johnson White,Saturday ,3132199
Johnson White,Saturday ,391986
Johnson White,Saturday ,1108710
Johnson White,Saturday ,1061434
Johnson White,Saturday ,1053275
Johnson White,Saturday ,3523724
Johnson White,Saturday ,1344483
Johnson White,Saturday ,125492
Johnson White,Saturday ,50197
Johnson White,Saturday ,503982
Johnson White,Saturday ,3915249
Johnson White,Saturday ,125492
Johnson White,Saturday ,175689
Johnson White,Saturday ,443484
Johnson White,Saturday ,125492
Johnson White,Saturday ,1132196
Johnson White,Saturday ,3915249
Johnson White,Saturday ,1164146
Johnson White,Saturday ,391986
Johnson White,Saturday ,4698299
Johnson White,Saturday ,279990
Johnson White,Saturday ,1061434
Johnson White,Saturday ,326279
Johnson White,Saturday ,391986
Johnson White,Saturday ,1061434
Johnson White,Saturday ,223992
Johnson White,Saturday ,831533
Johnson White,Saturday ,3915249
Johnson White,Saturday ,919909
Johnson White,Saturday ,615978
Johnson White,Saturday ,75295
Johnson White,Saturday ,125492
Johnson White,Saturday ,566098
Johnson White,Saturday ,3132199
Johnson White,Saturday ,997839
Johnson White,Saturday ,1219581
Johnson White,Saturday ,279990
Johnson White,Saturday ,4306774
Johnson White,Saturday ,75295
Johnson White,Saturday ,1344483
Johnson White,Saturday ,4698299
Johnson White,Saturday ,776097
Johnson White,Saturday ,50197
Johnson White,Saturday ,4698299
Johnson White,Saturday ,111996
Johnson White,Saturday ,125492
Johnson White,Saturday ,175689
Johnson White,Saturday ,1957625
Johnson White,Saturday ,776097
Livia Karsen,Saturday ,1511420
Livia Karsen,Saturday ,1819927
Livia Karsen,Saturday ,9099635
Livia Karsen,Saturday ,3639854
Livia Karsen,Saturday ,1511420
Livia Karsen,Saturday ,16379344
Livia Karsen,Saturday ,5459781
Livia Karsen,Saturday ,169632
Livia Karsen,Saturday ,1511420
Livia Karsen,Saturday ,222642
Livia Karsen,Saturday ,169632
Livia Karsen,Saturday ,180234
Livia Karsen,Saturday ,503807
Livia Karsen,Saturday ,222642
Livia Karsen,Saturday ,137826
Livia Karsen,Saturday ,180234
Livia Karsen,Saturday ,755710
Livia Karsen,Saturday ,137826
Livia Karsen,Saturday ,233244
Livia Karsen,Saturday ,275652
Livia Karsen,Saturday ,1763323
Livia Karsen,Saturday ,159030
Livia Karsen,Saturday ,169632
Livia Karsen,Saturday ,127224
Livia Karsen,Saturday ,1763323
Livia Karsen,Saturday ,159030
Livia Karsen,Saturday ,1259517
Livia Karsen,Saturday ,1259517
Livia Karsen,Saturday ,251903
Livia Karsen,Saturday ,755710
Livia Karsen,Saturday ,2267130
Livia Karsen,Saturday ,10919562
Livia Karsen,Saturday ,9099635
Livia Karsen,Saturday ,9099635
Livia Karsen,Saturday ,251903
Livia Karsen,Saturday ,9099635
Livia Karsen,Saturday ,9099635
Livia Karsen,Saturday ,755710
Livia Karsen,Saturday ,10919562
Livia Karsen,Saturday ,9099635
Livia Karsen,Saturday ,20019198
Marjorie Green,Saturday ,188460
Marjorie Green,Saturday ,538584
Marjorie Green,Saturday ,163332
Marjorie Green,Saturday ,150768
Marjorie Green,Saturday ,0
Marjorie Green,Saturday ,0
Marjorie Green,Saturday ,1231048
Marjorie Green,Saturday ,1461870
Marjorie Green,Saturday ,846346
Marjorie Green,Saturday ,1538810
Marjorie Green,Saturday ,1538810
Marjorie Green,Saturday ,1307989
Marjorie Green,Saturday ,1154108
Marjorie Green,Saturday ,923286
Marjorie Green,Saturday ,0
Marjorie Green,Saturday ,0
Marjorie Green,Saturday ,0
Marjorie Green,Saturday ,3813452
Marjorie Green,Saturday ,0
Marjorie Green,Saturday ,7626904
Marjorie Green,Saturday ,6240194
Marjorie Green,Saturday ,4853484
Marjorie Green,Saturday ,4160129
Marjorie Green,Saturday ,3813452
Marjorie Green,Saturday ,0
Marjorie Green,Saturday ,0
Marjorie Green,Saturday ,5200162
Marjorie Green,Saturday ,4853484
Marjorie Green,Saturday ,0
Marjorie Green,Saturday ,0
Marjorie Green,Saturday ,0
Marjorie Green,Saturday ,5546839
Marjorie Green,Saturday ,251280
Marjorie Green,Saturday ,125640
Marjorie Green,Saturday ,4160129
Marjorie Green,Saturday ,7280226
Marjorie Green,Saturday ,5893517
Marjorie Green,Saturday ,150768
Marjorie Green,Saturday ,238716
Marjorie Green,Saturday ,238716
Marjorie Green,Saturday ,6240194
Marjorie Green,Saturday ,5546839
Marjorie Green,Saturday ,213588
Marjorie Green,Saturday ,1307989
Marjorie Green,Saturday ,201024
Marjorie Green,Saturday ,226152
Marjorie Green,Saturday ,0
Marjorie Green,Saturday ,1154108
Marjorie Green,Saturday ,226152
Marjorie Green,Saturday ,2000453
Marjorie Green,Saturday ,0
Marjorie Green,Saturday ,226152
Marjorie Green,Saturday ,1384929
Marjorie Green,Saturday ,238716
Marjorie Green,Saturday ,846346
Marjorie Green,Saturday ,0
Meander Smith,Saturday ,104471
Meander Smith,Saturday ,3158784
Meander Smith,Saturday ,2456832
Meander Smith,Saturday ,104471
Meander Smith,Saturday ,64924
Meander Smith,Saturday ,104471
Meander Smith,Saturday ,64924
Meander Smith,Saturday ,5264640
Meander Smith,Saturday ,2807808
Meander Smith,Saturday ,83577
Meander Smith,Saturday ,4211712
Meander Smith,Saturday ,86565
Meander Smith,Saturday ,41788
Meander Smith,Saturday ,83577
Meander Smith,Saturday ,108207
Meander Smith,Saturday ,83577
Meander Smith,Saturday ,32462
Meander Smith,Saturday ,75745
Meander Smith,Saturday ,41788
Meander Smith,Saturday ,4211712
Meander Smith,Saturday ,2456832
Meander Smith,Saturday ,54103
Meander Smith,Saturday ,2456832
Meander Smith,Saturday ,64924
Meander Smith,Saturday ,3860736
Meander Smith,Saturday ,3509760
Meander Smith,Saturday ,41788
Meander Smith,Saturday ,54103
Meander Smith,Saturday ,75745
Meander Smith,Saturday ,32462
Meander Smith,Saturday ,6317568
Meander Smith,Saturday ,125365
Meander Smith,Saturday ,41788
Meander Smith,Saturday ,54103
Meander Smith,Saturday ,3158784
Meander Smith,Saturday ,54103
Meander Smith,Saturday ,229835
Meander Smith,Saturday ,83577
Meander Smith,Saturday ,3158784
Meander Smith,Saturday ,3860736
Meander Smith,Saturday ,167153
Meander Smith,Saturday ,43283
Michael O'Leary,Saturday ,8607520
Michael O'Leary,Saturday ,0
Michael O'Leary,Saturday ,12911280
Michael O'Leary,Saturday ,9468272
Michael O'Leary,Saturday ,0
Michael O'Leary,Saturday ,9468272
Michael O'Leary,Saturday ,0
Michael O'Leary,Saturday ,0
Michael O'Leary,Saturday ,128229
Michael O'Leary,Saturday ,0
Michael O'Leary,Saturday ,0
Michael O'Leary,Saturday ,0
Michael O'Leary,Saturday ,0
Michael O'Leary,Saturday ,137388
Michael O'Leary,Saturday ,0
Michael O'Leary,Saturday ,155706
Michael O'Leary,Saturday ,0
Michael O'Leary,Saturday ,6886016
Michael O'Leary,Saturday ,0
Michael O'Leary,Saturday ,137388
Michael O'Leary,Saturday ,119070
Michael O'Leary,Saturday ,0
Michael O'Leary,Saturday ,7746768
Michael O'Leary,Saturday ,0
Michael O'Leary,Saturday ,0
Michael O'Leary,Saturday ,6886016
Michael O'Leary,Saturday ,0
Michael O'Leary,Saturday ,0
Michael O'Leary,Saturday ,164866
Michael O'Leary,Saturday ,9468272
Michael O'Leary,Saturday ,128229
Michael O'Leary,Saturday ,0
Michael O'Leary,Saturday ,91592
Michael O'Leary,Saturday ,256458
Michael O'Leary,Saturday ,6886016
Michael O'Leary,Saturday ,8607520
Michael O'Leary,Saturday ,164866
Michael O'Leary,Saturday ,146547
Michael O'Leary,Saturday ,0
Michael O'Leary,Saturday ,128229
Michael O'Leary,Saturday ,0
Michael O'Leary,Saturday ,128229
Michael O'Leary,Saturday ,0
Michael O'Leary,Saturday ,0
Michael O'Leary,Saturday ,119070
Michael O'Leary,Saturday ,12050528
Michael O'Leary,Saturday ,0
Michael O'Leary,Saturday ,0
Michael O'Leary,Saturday ,0
Michael O'Leary,Saturday ,0
Michael O'Leary,Saturday ,0
Michael O'Leary,Saturday ,12050528
Michael O'Leary,Saturday ,0
Michael O'Leary,Saturday ,8607520
Michael O'Leary,Saturday ,0
Michael O'Leary,Saturday ,9468272
Michel DeFrance,Saturday ,17954947
Michel DeFrance,Saturday ,451581
Michel DeFrance,Saturday ,250878
Michel DeFrance,Saturday ,15119955
Michel DeFrance,Saturday ,326142
Michel DeFrance,Saturday ,16686696
Michel DeFrance,Saturday ,12284964
Michel DeFrance,Saturday ,25586267
Michel DeFrance,Saturday ,602108
Michel DeFrance,Saturday ,250878
Michel DeFrance,Saturday ,23361374
Michel DeFrance,Saturday ,326142
Michel DeFrance,Saturday ,23361374
Michel DeFrance,Saturday ,22248927
Michel DeFrance,Saturday ,351230
Michel DeFrance,Saturday ,476669
Michel DeFrance,Saturday ,14461803
Michel DeFrance,Saturday ,10394969
Michel DeFrance,Saturday ,26698713
Michel DeFrance,Saturday ,16064952
Michel DeFrance,Saturday ,16064952
Michel DeFrance,Saturday ,14174958
Michel DeFrance,Saturday ,326142
Michel DeFrance,Saturday ,18911588
Michel DeFrance,Saturday ,17009950
Michel DeFrance,Saturday ,11339966
Michel DeFrance,Saturday ,476669
Michel DeFrance,Saturday ,9449972
Michel DeFrance,Saturday ,7787125
Michel DeFrance,Saturday ,17799142
Michel DeFrance,Saturday ,426493
Michel DeFrance,Saturday ,17799142
Michel DeFrance,Saturday ,11339966
Michel DeFrance,Saturday ,25586267
Michel DeFrance,Saturday ,351230
Michel DeFrance,Saturday ,16064952
Michel DeFrance,Saturday ,13229961
Michel DeFrance,Saturday ,275966
Michel DeFrance,Saturday ,15574249
Michel DeFrance,Saturday ,18899944
Michel DeFrance,Saturday ,20024035
Michel DeFrance,Saturday ,401405
Morningstar Greene,Saturday ,886704
Morningstar Greene,Saturday ,480586
Morningstar Greene,Saturday ,717808
Morningstar Greene,Saturday ,371362
Morningstar Greene,Saturday ,1078739
Morningstar Greene,Saturday ,633360
Morningstar Greene,Saturday ,262138
Morningstar Greene,Saturday ,686470
Morningstar Greene,Saturday ,971152
Morningstar Greene,Saturday ,283982
Morningstar Greene,Saturday ,1013376
Morningstar Greene,Saturday ,931638
Morningstar Greene,Saturday ,305827
Morningstar Greene,Saturday ,262138
Morningstar Greene,Saturday ,844480
Morningstar Greene,Saturday ,327672
Morningstar Greene,Saturday ,675584
Morningstar Greene,Saturday ,1689885
Morningstar Greene,Saturday ,539370
Morningstar Greene,Saturday ,1029706
Morningstar Greene,Saturday ,2816475
Morningstar Greene,Saturday ,3379770
Morningstar Greene,Saturday ,1126590
Morningstar Greene,Saturday ,1126590
Morningstar Greene,Saturday ,1029706
Morningstar Greene,Saturday ,2253180
Morningstar Greene,Saturday ,1689885
Morningstar Greene,Saturday ,1078739
Morningstar Greene,Saturday ,1689885
Morningstar Greene,Saturday ,3943065
Morningstar Greene,Saturday ,2253180
Morningstar Greene,Saturday ,5069655
Morningstar Greene,Saturday ,458741
Morningstar Greene,Saturday ,2816475
Morningstar Greene,Saturday ,5632950
Morningstar Greene,Saturday ,686470
Morningstar Greene,Saturday ,2816475
Morningstar Greene,Saturday ,637437
Morningstar Greene,Saturday ,833571
Morningstar Greene,Saturday ,480586
Morningstar Greene,Saturday ,633360
Morningstar Greene,Saturday ,1127773
Morningstar Greene,Saturday ,480586
Morningstar Greene,Saturday ,422240
Morningstar Greene,Saturday ,637437
Morningstar Greene,Saturday ,262138
Morningstar Greene,Saturday ,548912
Morningstar Greene,Saturday ,637437
Morningstar Greene,Saturday ,415051
Morningstar Greene,Saturday ,548912
Morningstar Greene,Saturday ,415051
Morningstar Greene,Saturday ,464464
Morningstar Greene,Saturday ,436896
Morningstar Greene,Saturday ,760032
Morningstar Greene,Saturday ,490336
Morningstar Greene,Saturday ,506688
Reginald Blotchet-Halls,Saturday ,1394064
Reginald Blotchet-Halls,Saturday ,4092084
Reginald Blotchet-Halls,Saturday ,657888
Reginald Blotchet-Halls,Saturday ,1626408
Reginald Blotchet-Halls,Saturday ,348516
Reginald Blotchet-Halls,Saturday ,712712
Reginald Blotchet-Halls,Saturday ,438592
Reginald Blotchet-Halls,Saturday ,877184
Reginald Blotchet-Halls,Saturday ,1394064
Reginald Blotchet-Halls,Saturday ,657888
Reginald Blotchet-Halls,Saturday ,1041656
Reginald Blotchet-Halls,Saturday ,5456112
Reginald Blotchet-Halls,Saturday ,929376
Reginald Blotchet-Halls,Saturday ,877184
Reginald Blotchet-Halls,Saturday ,5728918
Reginald Blotchet-Halls,Saturday ,1045548
Reginald Blotchet-Halls,Saturday ,986832
Reginald Blotchet-Halls,Saturday ,4364890
Reginald Blotchet-Halls,Saturday ,1858752
Reginald Blotchet-Halls,Saturday ,1041656
Reginald Blotchet-Halls,Saturday ,4364890
Reginald Blotchet-Halls,Saturday ,1277892
Reginald Blotchet-Halls,Saturday ,5183306
Reginald Blotchet-Halls,Saturday ,3819278
Reginald Blotchet-Halls,Saturday ,5728918
Reginald Blotchet-Halls,Saturday ,1045548
Reginald Blotchet-Halls,Saturday ,4092084
Reginald Blotchet-Halls,Saturday ,1858752
Reginald Blotchet-Halls,Saturday ,4364890
Reginald Blotchet-Halls,Saturday ,1151304
Reginald Blotchet-Halls,Saturday ,4364890
Reginald Blotchet-Halls,Saturday ,4092084
Reginald Blotchet-Halls,Saturday ,1151304
Reginald Blotchet-Halls,Saturday ,1742580
Reginald Blotchet-Halls,Saturday ,3819278
Reginald Blotchet-Halls,Saturday ,3273667
Reginald Blotchet-Halls,Saturday ,438592
Reginald Blotchet-Halls,Saturday ,986832
Reginald Blotchet-Halls,Saturday ,464688
Reginald Blotchet-Halls,Saturday ,1260952
Reginald Blotchet-Halls,Saturday ,1394064
Reginald Blotchet-Halls,Saturday ,1045548
Sheryl Hunter,Saturday ,39017
Sheryl Hunter,Saturday ,7669027
Sheryl Hunter,Saturday ,35115
Sheryl Hunter,Saturday ,6135222
Sheryl Hunter,Saturday ,2928800
Sheryl Hunter,Saturday ,5368319
Sheryl Hunter,Saturday ,29262
Sheryl Hunter,Saturday ,4978960
Sheryl Hunter,Saturday ,4393200
Sheryl Hunter,Saturday ,4601416
Sheryl Hunter,Saturday ,6135222
Sheryl Hunter,Saturday ,7669027
Sheryl Hunter,Saturday ,4100320
Sheryl Hunter,Saturday ,3807440
Sheryl Hunter,Saturday ,4984868
Sheryl Hunter,Saturday ,23410
Sheryl Hunter,Saturday ,5271840
Sheryl Hunter,Saturday ,4100320
Sheryl Hunter,Saturday ,7285576
Sheryl Hunter,Saturday ,6135222
Sheryl Hunter,Saturday ,33164
Sheryl Hunter,Saturday ,4100320
Sheryl Hunter,Saturday ,33164
Sheryl Hunter,Saturday ,5751771
Sheryl Hunter,Saturday ,3514560
Sheryl Hunter,Saturday ,6135222
Sheryl Hunter,Saturday ,17557
Sheryl Hunter,Saturday ,4978960
Sheryl Hunter,Saturday ,29262
Sheryl Hunter,Saturday ,7669027
Sheryl Hunter,Saturday ,3514560
Sheryl Hunter,Saturday ,44869
Sheryl Hunter,Saturday ,4686080
Sheryl Hunter,Saturday ,2300708
Sheryl Hunter,Saturday ,37066
Sheryl Hunter,Saturday ,33164
Sheryl Hunter,Saturday ,39017
Sheryl Hunter,Saturday ,4100320
Sheryl Hunter,Saturday ,29262
Sheryl Hunter,Saturday ,39017
Sheryl Hunter,Saturday ,5271840
Sheryl Hunter,Saturday ,5751771
Stearns MacFeather,Saturday ,155970
Stearns MacFeather,Saturday ,699162
Stearns MacFeather,Saturday ,535217
Stearns MacFeather,Saturday ,658728
Stearns MacFeather,Saturday ,699899
Stearns MacFeather,Saturday ,16006
Stearns MacFeather,Saturday ,97481
Stearns MacFeather,Saturday ,905751
Stearns MacFeather,Saturday ,699899
Stearns MacFeather,Saturday ,617558
Stearns MacFeather,Saturday ,13478
Stearns MacFeather,Saturday ,741069
Stearns MacFeather,Saturday ,782240
Stearns MacFeather,Saturday ,16006
Stearns MacFeather,Saturday ,16006
Stearns MacFeather,Saturday ,617558
Stearns MacFeather,Saturday ,10951
Stearns MacFeather,Saturday ,535217
Stearns MacFeather,Saturday ,658728
Stearns MacFeather,Saturday ,19375
Stearns MacFeather,Saturday ,58489
Stearns MacFeather,Saturday ,15163
Stearns MacFeather,Saturday ,658728
Stearns MacFeather,Saturday ,823410
Stearns MacFeather,Saturday ,13478
Stearns MacFeather,Saturday ,16006
Stearns MacFeather,Saturday ,97481
Stearns MacFeather,Saturday ,617558
Stearns MacFeather,Saturday ,116978
Stearns MacFeather,Saturday ,116978
Stearns MacFeather,Saturday ,1165270
Stearns MacFeather,Saturday ,19496
Stearns MacFeather,Saturday ,97481
Stearns MacFeather,Saturday ,1864433
Stearns MacFeather,Saturday ,466108
Stearns MacFeather,Saturday ,932216
Stearns MacFeather,Saturday ,11794
Stearns MacFeather,Saturday ,13478
Stearns MacFeather,Saturday ,155970
Stearns MacFeather,Saturday ,699162
Stearns MacFeather,Saturday ,699162
Stearns MacFeather,Saturday ,1165270
Stearns MacFeather,Saturday ,116978
Stearns MacFeather,Saturday ,10109
Stearns MacFeather,Saturday ,1398324
Stearns MacFeather,Saturday ,97481
Stearns MacFeather,Saturday ,14321
Stearns MacFeather,Saturday ,1631378
Stearns MacFeather,Saturday ,136474
Stearns MacFeather,Saturday ,699162
Stearns MacFeather,Saturday ,194963
Stearns MacFeather,Saturday ,1864433
Stearns MacFeather,Saturday ,2097487
Stearns MacFeather,Saturday ,97481
Stearns MacFeather,Saturday ,12636
Stearns MacFeather,Saturday ,932216
Sylvia Panteley,Saturday ,2360960
Sylvia Panteley,Saturday ,231358
Sylvia Panteley,Saturday ,3035520
Sylvia Panteley,Saturday ,768818
Sylvia Panteley,Saturday ,192204
Sylvia Panteley,Saturday ,2488306
Sylvia Panteley,Saturday ,4216000
Sylvia Panteley,Saturday ,4354535
Sylvia Panteley,Saturday ,1244153
Sylvia Panteley,Saturday ,672715
Sylvia Panteley,Saturday ,622076
Sylvia Panteley,Saturday ,289198
Sylvia Panteley,Saturday ,289198
Sylvia Panteley,Saturday ,480511
Sylvia Panteley,Saturday ,2488306
Sylvia Panteley,Saturday ,2360960
Sylvia Panteley,Saturday ,4354535
Sylvia Panteley,Saturday ,173519
Sylvia Panteley,Saturday ,57840
Sylvia Panteley,Saturday ,289198
Sylvia Panteley,Saturday ,4354535
Sylvia Panteley,Saturday ,1866229
Sylvia Panteley,Saturday ,231358
Sylvia Panteley,Saturday ,528562
Sylvia Panteley,Saturday ,3204160
Sylvia Panteley,Saturday ,576613
Sylvia Panteley,Saturday ,57840
Sylvia Panteley,Saturday ,347038
Sylvia Panteley,Saturday ,3110382
Sylvia Panteley,Saturday ,404877
Sylvia Panteley,Saturday ,347038
Sylvia Panteley,Saturday ,240256
Sylvia Panteley,Saturday ,2192320
Sylvia Panteley,Saturday ,4354535
Sylvia Panteley,Saturday ,2698240
Sylvia Panteley,Saturday ,432460
Sylvia Panteley,Saturday ,2698240
Sylvia Panteley,Saturday ,720767
Sylvia Panteley,Saturday ,384409
Sylvia Panteley,Saturday ,2192320
Sylvia Panteley,Saturday ,2023680
Sylvia Panteley,Saturday ,1244153
Sylvia Panteley,Saturday ,384409
Sylvia Panteley,Saturday ,3732458
Sylvia Panteley,Saturday ,404877
Sylvia Panteley,Saturday ,2698240
Sylvia Panteley,Saturday ,2698240
Sylvia Panteley,Saturday ,231358
Sylvia Panteley,Saturday ,288307
Sylvia Panteley,Saturday ,347038
Sylvia Panteley,Saturday ,4976611
Sylvia Panteley,Saturday ,1011840
Sylvia Panteley,Saturday ,336358
Sylvia Panteley,Saturday ,528562
Sylvia Panteley,Saturday ,3035520
Sylvia Panteley,Saturday ,1244153
Abraham Bennet,Sunday   ,76444
Abraham Bennet,Sunday   ,158
Abraham Bennet,Sunday   ,229
Abraham Bennet,Sunday   ,0
Abraham Bennet,Sunday   ,0
Abraham Bennet,Sunday   ,0
Abraham Bennet,Sunday   ,0
Abraham Bennet,Sunday   ,0
Abraham Bennet,Sunday   ,106
Abraham Bennet,Sunday   ,0
Abraham Bennet,Sunday   ,0
Abraham Bennet,Sunday   ,0
Abraham Bennet,Sunday   ,0
Abraham Bennet,Sunday   ,0
Abraham Bennet,Sunday   ,211
Abraham Bennet,Sunday   ,0
Abraham Bennet,Sunday   ,0
Abraham Bennet,Sunday   ,0
Abraham Bennet,Sunday   ,0
Abraham Bennet,Sunday   ,166042
Abraham Bennet,Sunday   ,186797
Abraham Bennet,Sunday   ,269818
Abraham Bennet,Sunday   ,311328
Abraham Bennet,Sunday   ,166042
Abraham Bennet,Sunday   ,166042
Abraham Bennet,Sunday   ,352838
Abraham Bennet,Sunday   ,145286
Abraham Bennet,Sunday   ,269818
Abraham Bennet,Sunday   ,228307
Abraham Bennet,Sunday   ,269818
Abraham Bennet,Sunday   ,290573
Abraham Bennet,Sunday   ,186797
Abraham Bennet,Sunday   ,166042
Abraham Bennet,Sunday   ,387803
Abraham Bennet,Sunday   ,465364
Abraham Bennet,Sunday   ,542924
Abraham Bennet,Sunday   ,620485
Abraham Bennet,Sunday   ,232682
Abraham Bennet,Sunday   ,542924
Abraham Bennet,Sunday   ,465364
Abraham Bennet,Sunday   ,155121
Abraham Bennet,Sunday   ,310242
Abraham Bennet,Sunday   ,465364
Abraham Bennet,Sunday   ,310242
Abraham Bennet,Sunday   ,465364
Abraham Bennet,Sunday   ,155121
Abraham Bennet,Sunday   ,77561
Abraham Bennet,Sunday   ,199603
Abraham Bennet,Sunday   ,324355
Abraham Bennet,Sunday   ,499008
Abraham Bennet,Sunday   ,424157
Abraham Bennet,Sunday   ,399206
Abraham Bennet,Sunday   ,499008
Abraham Bennet,Sunday   ,349306
Abraham Bennet,Sunday   ,16
Abraham Bennet,Sunday   ,399206
Abraham Bennet,Sunday   ,274454
Abraham Bennet,Sunday   ,324355
Abraham Bennet,Sunday   ,194
Abraham Bennet,Sunday   ,499008
Abraham Bennet,Sunday   ,623760
Abraham Bennet,Sunday   ,249504
Abraham Bennet,Sunday   ,449107
Abraham Bennet,Sunday   ,141968
Abraham Bennet,Sunday   ,120127
Abraham Bennet,Sunday   ,163809
Abraham Bennet,Sunday   ,87365
Abraham Bennet,Sunday   ,98286
Abraham Bennet,Sunday   ,109206
Abraham Bennet,Sunday   ,141
Abraham Bennet,Sunday   ,163809
Abraham Bennet,Sunday   ,98286
Abraham Bennet,Sunday   ,120127
Abraham Bennet,Sunday   ,109206
Abraham Bennet,Sunday   ,174730
Abraham Bennet,Sunday   ,98286
Abraham Bennet,Sunday   ,141968
Abraham Bennet,Sunday   ,264
Abraham Bennet,Sunday   ,10767787
Abraham Bennet,Sunday   ,9332082
Abraham Bennet,Sunday   ,6460672
Abraham Bennet,Sunday   ,10767787
Abraham Bennet,Sunday   ,17946311
Abraham Bennet,Sunday   ,10049934
Abraham Bennet,Sunday   ,14357049
Abraham Bennet,Sunday   ,12921344
Abraham Bennet,Sunday   ,141
Abraham Bennet,Sunday   ,6460672
Abraham Bennet,Sunday   ,15792754
Abraham Bennet,Sunday   ,14357049
Abraham Bennet,Sunday   ,12203492
Abraham Bennet,Sunday   ,7178525
Abraham Bennet,Sunday   ,15074901
Abraham Bennet,Sunday   ,5019771
Abraham Bennet,Sunday   ,2151330
Abraham Bennet,Sunday   ,2509885
Abraham Bennet,Sunday   ,2868440
Abraham Bennet,Sunday   ,194
Abraham Bennet,Sunday   ,4302661
Abraham Bennet,Sunday   ,3944106
Abraham Bennet,Sunday   ,5378326
Abraham Bennet,Sunday   ,2868440
Abraham Bennet,Sunday   ,4661216
Abraham Bennet,Sunday   ,3226995
Abraham Bennet,Sunday   ,5736881
Abraham Bennet,Sunday   ,3226995
Abraham Bennet,Sunday   ,3226995
Abraham Bennet,Sunday   ,176
Abraham Bennet,Sunday   ,3944106
Abraham Bennet,Sunday   ,88
Abraham Bennet,Sunday   ,211
Abraham Bennet,Sunday   ,141
Abraham Bennet,Sunday   ,211
Albert Ringer,Sunday   ,304403
Albert Ringer,Sunday   ,163909
Albert Ringer,Sunday   ,304403
Albert Ringer,Sunday   ,1011095
Albert Ringer,Sunday   ,140494
Albert Ringer,Sunday   ,20064878
Albert Ringer,Sunday   ,15048659
Albert Ringer,Sunday   ,13376585
Albert Ringer,Sunday   ,1348126
Albert Ringer,Sunday   ,257572
Albert Ringer,Sunday   ,16720732
Albert Ringer,Sunday   ,18392805
Albert Ringer,Sunday   ,2022189
Albert Ringer,Sunday   ,18392805
Albert Ringer,Sunday   ,16720732
Albert Ringer,Sunday   ,2022189
Albert Ringer,Sunday   ,1582185
Albert Ringer,Sunday   ,10032439
Albert Ringer,Sunday   ,2022189
Albert Ringer,Sunday   ,3370315
Albert Ringer,Sunday   ,20064878
Albert Ringer,Sunday   ,13376585
Albert Ringer,Sunday   ,8360366
Albert Ringer,Sunday   ,1898622
Albert Ringer,Sunday   ,10032439
Albert Ringer,Sunday   ,5224975
Albert Ringer,Sunday   ,13376585
Albert Ringer,Sunday   ,26753171
Albert Ringer,Sunday   ,607440
Albert Ringer,Sunday   ,303720
Albert Ringer,Sunday   ,1582185
Albert Ringer,Sunday   ,5224975
Albert Ringer,Sunday   ,101240
Albert Ringer,Sunday   ,556820
Albert Ringer,Sunday   ,556820
Albert Ringer,Sunday   ,658060
Albert Ringer,Sunday   ,5224975
Albert Ringer,Sunday   ,1898622
Albert Ringer,Sunday   ,404960
Albert Ringer,Sunday   ,607440
Albert Ringer,Sunday   ,556820
Albert Ringer,Sunday   ,658060
Albert Ringer,Sunday   ,658060
Albert Ringer,Sunday   ,5224975
Albert Ringer,Sunday   ,1265748
Albert Ringer,Sunday   ,455580
Albert Ringer,Sunday   ,607440
Albert Ringer,Sunday   ,404960
Albert Ringer,Sunday   ,4179980
Albert Ringer,Sunday   ,1582185
Albert Ringer,Sunday   ,6269970
Albert Ringer,Sunday   ,2022189
Albert Ringer,Sunday   ,2215059
Albert Ringer,Sunday   ,6269970
Albert Ringer,Sunday   ,5224975
Albert Ringer,Sunday   ,2531497
Albert Ringer,Sunday   ,674063
Albert Ringer,Sunday   ,949311
Albert Ringer,Sunday   ,7314965
Albert Ringer,Sunday   ,2531497
Albert Ringer,Sunday   ,7314965
Albert Ringer,Sunday   ,1265748
Albert Ringer,Sunday   ,6269970
Albert Ringer,Sunday   ,1265748
Albert Ringer,Sunday   ,10449950
Albert Ringer,Sunday   ,1265748
Albert Ringer,Sunday   ,3134985
Albert Ringer,Sunday   ,1685158
Albert Ringer,Sunday   ,1898622
Albert Ringer,Sunday   ,6269970
Albert Ringer,Sunday   ,1011095
Albert Ringer,Sunday   ,1011095
Albert Ringer,Sunday   ,2022189
Albert Ringer,Sunday   ,210741
Albert Ringer,Sunday   ,210741
Albert Ringer,Sunday   ,444897
Albert Ringer,Sunday   ,2359221
Albert Ringer,Sunday   ,234156
Albert Ringer,Sunday   ,421481
Albert Ringer,Sunday   ,234156
Albert Ringer,Sunday   ,163909
Albert Ringer,Sunday   ,187325
Albert Ringer,Sunday   ,1685158
Albert Ringer,Sunday   ,257572
Ann Dull,Sunday   ,295898
Ann Dull,Sunday   ,1754854
Ann Dull,Sunday   ,1316141
Ann Dull,Sunday   ,1425819
Ann Dull,Sunday   ,295898
Ann Dull,Sunday   ,312337
Ann Dull,Sunday   ,1096784
Ann Dull,Sunday   ,616903
Ann Dull,Sunday   ,462677
Ann Dull,Sunday   ,328776
Ann Dull,Sunday   ,616903
Ann Dull,Sunday   ,963911
Ann Dull,Sunday   ,1096784
Ann Dull,Sunday   ,2303246
Ann Dull,Sunday   ,694016
Ann Dull,Sunday   ,578346
Ann Dull,Sunday   ,263021
Ann Dull,Sunday   ,501234
Ann Dull,Sunday   ,263021
Ann Dull,Sunday   ,347008
Ann Dull,Sunday   ,616903
Ann Dull,Sunday   ,655459
Ann Dull,Sunday   ,246582
Ann Dull,Sunday   ,180827
Ann Dull,Sunday   ,424121
Ann Dull,Sunday   ,147949
Ann Dull,Sunday   ,279460
Ann Dull,Sunday   ,655459
Ann Dull,Sunday   ,501234
Ann Dull,Sunday   ,694016
Ann Dull,Sunday   ,1754854
Ann Dull,Sunday   ,1974211
Ann Dull,Sunday   ,197266
Ann Dull,Sunday   ,246582
Ann Dull,Sunday   ,1754854
Ann Dull,Sunday   ,1754854
Ann Dull,Sunday   ,197266
Ann Dull,Sunday   ,1535497
Ann Dull,Sunday   ,1096784
Ann Dull,Sunday   ,1425819
Ann Dull,Sunday   ,180827
Ann Dull,Sunday   ,2083889
Anne Ringer,Sunday   ,477859
Anne Ringer,Sunday   ,517681
Anne Ringer,Sunday   ,358394
Anne Ringer,Sunday   ,477859
Anne Ringer,Sunday   ,517681
Anne Ringer,Sunday   ,637146
Anne Ringer,Sunday   ,517681
Anne Ringer,Sunday   ,477859
Anne Ringer,Sunday   ,318573
Anne Ringer,Sunday   ,238930
Anne Ringer,Sunday   ,2022422
Anne Ringer,Sunday   ,3033633
Anne Ringer,Sunday   ,3640360
Anne Ringer,Sunday   ,3640360
Anne Ringer,Sunday   ,2831391
Anne Ringer,Sunday   ,2022422
Anne Ringer,Sunday   ,3438117
Anne Ringer,Sunday   ,5056055
Anne Ringer,Sunday   ,3033633
Anne Ringer,Sunday   ,3033633
Anne Ringer,Sunday   ,3842602
Anne Ringer,Sunday   ,2629149
Anne Ringer,Sunday   ,2426906
Anne Ringer,Sunday   ,2426906
Anne Ringer,Sunday   ,278751
Anne Ringer,Sunday   ,557502
Anne Ringer,Sunday   ,199108
Anne Ringer,Sunday   ,398216
Burt Gringlesby,Sunday   ,2367786
Burt Gringlesby,Sunday   ,600984
Burt Gringlesby,Sunday   ,400656
Burt Gringlesby,Sunday   ,534208
Burt Gringlesby,Sunday   ,434044
Burt Gringlesby,Sunday   ,367268
Burt Gringlesby,Sunday   ,367268
Burt Gringlesby,Sunday   ,467432
Burt Gringlesby,Sunday   ,534208
Burt Gringlesby,Sunday   ,567596
Burt Gringlesby,Sunday   ,567596
Burt Gringlesby,Sunday   ,567596
Burt Gringlesby,Sunday   ,634372
Burt Gringlesby,Sunday   ,600984
Burt Gringlesby,Sunday   ,434044
Burt Gringlesby,Sunday   ,3682920
Burt Gringlesby,Sunday   ,9575592
Burt Gringlesby,Sunday   ,5156088
Burt Gringlesby,Sunday   ,5892672
Burt Gringlesby,Sunday   ,2578044
Burt Gringlesby,Sunday   ,5892672
Burt Gringlesby,Sunday   ,7734132
Burt Gringlesby,Sunday   ,4419504
Burt Gringlesby,Sunday   ,9207300
Burt Gringlesby,Sunday   ,6260964
Burt Gringlesby,Sunday   ,4419504
Burt Gringlesby,Sunday   ,7734132
Burt Gringlesby,Sunday   ,3314628
Burt Gringlesby,Sunday   ,6260964
Burt Gringlesby,Sunday   ,1441261
Burt Gringlesby,Sunday   ,1544208
Burt Gringlesby,Sunday   ,926525
Burt Gringlesby,Sunday   ,1338314
Burt Gringlesby,Sunday   ,1441261
Burt Gringlesby,Sunday   ,1544208
Burt Gringlesby,Sunday   ,1235366
Burt Gringlesby,Sunday   ,2367786
Burt Gringlesby,Sunday   ,1235366
Burt Gringlesby,Sunday   ,1441261
Burt Gringlesby,Sunday   ,2161891
Burt Gringlesby,Sunday   ,2367786
Burt Gringlesby,Sunday   ,2161891
Charlene Locksley,Sunday   ,3359207
Charlene Locksley,Sunday   ,615743
Charlene Locksley,Sunday   ,2284260
Charlene Locksley,Sunday   ,1746787
Charlene Locksley,Sunday   ,508657
Charlene Locksley,Sunday   ,348029
Charlene Locksley,Sunday   ,3808459
Charlene Locksley,Sunday   ,3090470
Charlene Locksley,Sunday   ,321257
Charlene Locksley,Sunday   ,3515501
Charlene Locksley,Sunday   ,4687334
Charlene Locksley,Sunday   ,401571
Charlene Locksley,Sunday   ,5273251
Charlene Locksley,Sunday   ,5273251
Charlene Locksley,Sunday   ,2284260
Charlene Locksley,Sunday   ,321257
Charlene Locksley,Sunday   ,2636626
Charlene Locksley,Sunday   ,3808459
Charlene Locksley,Sunday   ,508657
Charlene Locksley,Sunday   ,1612419
Charlene Locksley,Sunday   ,4687334
Charlene Locksley,Sunday   ,2687365
Charlene Locksley,Sunday   ,3808459
Charlene Locksley,Sunday   ,348029
Charlene Locksley,Sunday   ,455114
Charlene Locksley,Sunday   ,508657
Charlene Locksley,Sunday   ,2015524
Charlene Locksley,Sunday   ,2418629
Charlene Locksley,Sunday   ,4101418
Charlene Locksley,Sunday   ,401571
Charlene Locksley,Sunday   ,4101418
Charlene Locksley,Sunday   ,2015524
Charlene Locksley,Sunday   ,1746787
Charlene Locksley,Sunday   ,562200
Charlene Locksley,Sunday   ,2929584
Charlene Locksley,Sunday   ,2149892
Charlene Locksley,Sunday   ,2284260
Charlene Locksley,Sunday   ,3222542
Charlene Locksley,Sunday   ,2149892
Charlene Locksley,Sunday   ,508657
Charlene Locksley,Sunday   ,3808459
Charlene Locksley,Sunday   ,428343
Cheryl Carson,Sunday   ,2088256
Cheryl Carson,Sunday   ,249346
Cheryl Carson,Sunday   ,324150
Cheryl Carson,Sunday   ,174542
Cheryl Carson,Sunday   ,398953
Cheryl Carson,Sunday   ,224411
Cheryl Carson,Sunday   ,3132384
Cheryl Carson,Sunday   ,3132384
Cheryl Carson,Sunday   ,5220640
Cheryl Carson,Sunday   ,4176512
Cheryl Carson,Sunday   ,4437544
Cheryl Carson,Sunday   ,3915480
Cheryl Carson,Sunday   ,5220640
Cheryl Carson,Sunday   ,4437544
Cheryl Carson,Sunday   ,3393416
Cheryl Carson,Sunday   ,6264768
Cheryl Carson,Sunday   ,3915480
Cheryl Carson,Sunday   ,3654448
Cheryl Carson,Sunday   ,3654448
Cheryl Carson,Sunday   ,149607
Cheryl Carson,Sunday   ,707150
Cheryl Carson,Sunday   ,785723
Cheryl Carson,Sunday   ,99738
Cheryl Carson,Sunday   ,785723
Cheryl Carson,Sunday   ,299215
Cheryl Carson,Sunday   ,707150
Cheryl Carson,Sunday   ,174542
Cheryl Carson,Sunday   ,785723
Cheryl Carson,Sunday   ,707150
Cheryl Carson,Sunday   ,1100012
Cheryl Carson,Sunday   ,274280
Cheryl Carson,Sunday   ,235717
Cheryl Carson,Sunday   ,864295
Cheryl Carson,Sunday   ,74804
Cheryl Carson,Sunday   ,471434
Cheryl Carson,Sunday   ,249346
Cheryl Carson,Sunday   ,707150
Cheryl Carson,Sunday   ,707150
Cheryl Carson,Sunday   ,785723
Cheryl Carson,Sunday   ,299215
Cheryl Carson,Sunday   ,392861
Cheryl Carson,Sunday   ,174542
Dean Straight,Sunday   ,1235911
Dean Straight,Sunday   ,21913
Dean Straight,Sunday   ,1977458
Dean Straight,Sunday   ,1891998
Dean Straight,Sunday   ,1730276
Dean Straight,Sunday   ,1891998
Dean Straight,Sunday   ,3213369
Dean Straight,Sunday   ,4048800
Dean Straight,Sunday   ,1471554
Dean Straight,Sunday   ,18782
Dean Straight,Sunday   ,4082376
Dean Straight,Sunday   ,3707734
Dean Straight,Sunday   ,4048800
Dean Straight,Sunday   ,2943108
Dean Straight,Sunday   ,1891998
Dean Straight,Sunday   ,1977458
Dean Straight,Sunday   ,3711400
Dean Straight,Sunday   ,43826
Dean Straight,Sunday   ,12522
Dean Straight,Sunday   ,4082376
Dean Straight,Sunday   ,1471554
Dean Straight,Sunday   ,1632950
Dean Straight,Sunday   ,5398400
Dean Straight,Sunday   ,12522
Dean Straight,Sunday   ,2719005
Dean Straight,Sunday   ,1261332
Dean Straight,Sunday   ,12522
Dean Straight,Sunday   ,5715326
Dean Straight,Sunday   ,3153330
Dean Straight,Sunday   ,1632950
Dean Straight,Sunday   ,5061000
Dean Straight,Sunday   ,2522664
Dean Straight,Sunday   ,18782
Dean Straight,Sunday   ,3213369
Dean Straight,Sunday   ,15652
Dean Straight,Sunday   ,2943108
Dean Straight,Sunday   ,2719005
Dean Straight,Sunday   ,9391
Dean Straight,Sunday   ,25043
Dean Straight,Sunday   ,3265901
Dean Straight,Sunday   ,2471823
Dean Straight,Sunday   ,3265901
Dean Straight,Sunday   ,12522
Dean Straight,Sunday   ,3374000
Dean Straight,Sunday   ,2024400
Dean Straight,Sunday   ,18782
Dean Straight,Sunday   ,5715326
Dean Straight,Sunday   ,2224640
Dean Straight,Sunday   ,3374000
Dean Straight,Sunday   ,2522664
Dean Straight,Sunday   ,4082376
Dean Straight,Sunday   ,4723600
Dean Straight,Sunday   ,6531802
Dean Straight,Sunday   ,3036600
Dean Straight,Sunday   ,1632950
Dean Straight,Sunday   ,3036600
Dean Straight,Sunday   ,7348277
Dean Straight,Sunday   ,3213369
Dean Straight,Sunday   ,2699200
Dean Straight,Sunday   ,3374000
Dean Straight,Sunday   ,4898851
Dean Straight,Sunday   ,2312442
Dean Straight,Sunday   ,25043
Dean Straight,Sunday   ,5061000
Dean Straight,Sunday   ,4082376
Dean Straight,Sunday   ,1891998
Dean Straight,Sunday   ,1891998
Dean Straight,Sunday   ,2719005
Dean Straight,Sunday   ,28174
Dean Straight,Sunday   ,2471823
Dirk Stringer,Sunday   ,0
Dirk Stringer,Sunday   ,5805400
Dirk Stringer,Sunday   ,10885124
Dirk Stringer,Sunday   ,23867930
Dirk Stringer,Sunday   ,42431875
Dirk Stringer,Sunday   ,37127891
Dirk Stringer,Sunday   ,31823906
Dirk Stringer,Sunday   ,8708099
Dirk Stringer,Sunday   ,0
Dirk Stringer,Sunday   ,13062149
Dirk Stringer,Sunday   ,5079725
Dirk Stringer,Sunday   ,9433774
Dirk Stringer,Sunday   ,0
Dirk Stringer,Sunday   ,8708099
Dirk Stringer,Sunday   ,7256750
Dirk Stringer,Sunday   ,0
Dirk Stringer,Sunday   ,31823906
Dirk Stringer,Sunday   ,0
Dirk Stringer,Sunday   ,0
Dirk Stringer,Sunday   ,4354050
Dirk Stringer,Sunday   ,47735860
Dirk Stringer,Sunday   ,68951797
Dirk Stringer,Sunday   ,39779883
Dirk Stringer,Sunday   ,6531075
Dirk Stringer,Sunday   ,0
Dirk Stringer,Sunday   ,50387852
Dirk Stringer,Sunday   ,10885124
Dirk Stringer,Sunday   ,0
Dirk Stringer,Sunday   ,45083867
Dirk Stringer,Sunday   ,42431875
Dirk Stringer,Sunday   ,50387852
Dirk Stringer,Sunday   ,0
Dirk Stringer,Sunday   ,10159449
Dirk Stringer,Sunday   ,0
Dirk Stringer,Sunday   ,7256750
Dirk Stringer,Sunday   ,0
Dirk Stringer,Sunday   ,0
Dirk Stringer,Sunday   ,0
Dirk Stringer,Sunday   ,7256750
Dirk Stringer,Sunday   ,34475899
Dirk Stringer,Sunday   ,37127891
Dirk Stringer,Sunday   ,0
Heather McBadden,Sunday   ,156384
Heather McBadden,Sunday   ,469152
Heather McBadden,Sunday   ,805125
Heather McBadden,Sunday   ,1610250
Heather McBadden,Sunday   ,390960
Heather McBadden,Sunday   ,5952765
Heather McBadden,Sunday   ,312768
Heather McBadden,Sunday   ,547344
Heather McBadden,Sunday   ,4762212
Heather McBadden,Sunday   ,5952765
Heather McBadden,Sunday   ,156384
Heather McBadden,Sunday   ,312768
Heather McBadden,Sunday   ,805125
Heather McBadden,Sunday   ,4762212
Heather McBadden,Sunday   ,1073500
Heather McBadden,Sunday   ,109728
Heather McBadden,Sunday   ,536750
Heather McBadden,Sunday   ,156384
Heather McBadden,Sunday   ,82296
Heather McBadden,Sunday   ,7143318
Heather McBadden,Sunday   ,7143318
Heather McBadden,Sunday   ,1341875
Heather McBadden,Sunday   ,155448
Heather McBadden,Sunday   ,312768
Heather McBadden,Sunday   ,15350625
Heather McBadden,Sunday   ,155448
Heather McBadden,Sunday   ,109728
Heather McBadden,Sunday   ,9210375
Heather McBadden,Sunday   ,15350625
Heather McBadden,Sunday   ,78192
Heather McBadden,Sunday   ,100584
Heather McBadden,Sunday   ,201168
Heather McBadden,Sunday   ,2381106
Heather McBadden,Sunday   ,10233750
Heather McBadden,Sunday   ,2381106
Heather McBadden,Sunday   ,8187000
Heather McBadden,Sunday   ,10714977
Heather McBadden,Sunday   ,8187000
Heather McBadden,Sunday   ,2381106
Heather McBadden,Sunday   ,128016
Heather McBadden,Sunday   ,390960
Heather McBadden,Sunday   ,146304
Heather McBadden,Sunday   ,155448
Heather McBadden,Sunday   ,8187000
Heather McBadden,Sunday   ,10233750
Heather McBadden,Sunday   ,805125
Heather McBadden,Sunday   ,9210375
Heather McBadden,Sunday   ,13303875
Heather McBadden,Sunday   ,15350625
Heather McBadden,Sunday   ,13303875
Heather McBadden,Sunday   ,805125
Heather McBadden,Sunday   ,10233750
Heather McBadden,Sunday   ,13303875
Heather McBadden,Sunday   ,8333871
Heather McBadden,Sunday   ,1341875
Heather McBadden,Sunday   ,268375
Heather McBadden,Sunday   ,390960
Heather McBadden,Sunday   ,1073500
Heather McBadden,Sunday   ,146304
Heather McBadden,Sunday   ,312768
Heather McBadden,Sunday   ,8333871
Heather McBadden,Sunday   ,5952765
Heather McBadden,Sunday   ,1878625
Heather McBadden,Sunday   ,8333871
Heather McBadden,Sunday   ,2415375
Heather McBadden,Sunday   ,390960
Heather McBadden,Sunday   ,1341875
Heather McBadden,Sunday   ,73152
Heather McBadden,Sunday   ,109728
Heather McBadden,Sunday   ,128016
Innes del Castillo,Sunday   ,16336744
Innes del Castillo,Sunday   ,496019
Innes del Castillo,Sunday   ,469913
Innes del Castillo,Sunday   ,313275
Innes del Castillo,Sunday   ,548232
Innes del Castillo,Sunday   ,313275
Innes del Castillo,Sunday   ,2528622
Innes del Castillo,Sunday   ,2334113
Innes del Castillo,Sunday   ,365488
Innes del Castillo,Sunday   ,3306660
Innes del Castillo,Sunday   ,2917641
Innes del Castillo,Sunday   ,496019
Innes del Castillo,Sunday   ,2528622
Innes del Castillo,Sunday   ,3112151
Innes del Castillo,Sunday   ,1945094
Innes del Castillo,Sunday   ,391594
Innes del Castillo,Sunday   ,2139604
Innes del Castillo,Sunday   ,2334113
Innes del Castillo,Sunday   ,208850
Innes del Castillo,Sunday   ,3695679
Innes del Castillo,Sunday   ,3890188
Innes del Castillo,Sunday   ,2334113
Innes del Castillo,Sunday   ,4473716
Innes del Castillo,Sunday   ,365488
Innes del Castillo,Sunday   ,1750585
Innes del Castillo,Sunday   ,7260775
Innes del Castillo,Sunday   ,391594
Innes del Castillo,Sunday   ,15429147
Innes del Castillo,Sunday   ,16336744
Innes del Castillo,Sunday   ,313275
Innes del Castillo,Sunday   ,469913
Innes del Castillo,Sunday   ,13613954
Innes del Castillo,Sunday   ,574338
Innes del Castillo,Sunday   ,23597519
Innes del Castillo,Sunday   ,10891163
Innes del Castillo,Sunday   ,11798760
Innes del Castillo,Sunday   ,9075969
Innes del Castillo,Sunday   ,9983566
Innes del Castillo,Sunday   ,19967132
Innes del Castillo,Sunday   ,12706357
Innes del Castillo,Sunday   ,12706357
Innes del Castillo,Sunday   ,19967132
Johnson White,Sunday   ,335988
Johnson White,Sunday   ,5481349
Johnson White,Sunday   ,279990
Johnson White,Sunday   ,200787
Johnson White,Sunday   ,665226
Johnson White,Sunday   ,919909
Johnson White,Sunday   ,5481349
Johnson White,Sunday   ,3132199
Johnson White,Sunday   ,223992
Johnson White,Sunday   ,391986
Johnson White,Sunday   ,4306774
Johnson White,Sunday   ,100394
Johnson White,Sunday   ,886968
Johnson White,Sunday   ,1486007
Johnson White,Sunday   ,997839
Johnson White,Sunday   ,919909
Johnson White,Sunday   ,200787
Johnson White,Sunday   ,886968
Johnson White,Sunday   ,990672
Johnson White,Sunday   ,223992
Johnson White,Sunday   ,665226
Johnson White,Sunday   ,223992
Johnson White,Sunday   ,609791
Johnson White,Sunday   ,1108710
Johnson White,Sunday   ,200787
Johnson White,Sunday   ,167994
Johnson White,Sunday   ,778385
Johnson White,Sunday   ,778385
Johnson White,Sunday   ,100394
Johnson White,Sunday   ,150590
Johnson White,Sunday   ,3523724
Johnson White,Sunday   ,665226
Johnson White,Sunday   ,1415245
Johnson White,Sunday   ,75295
Johnson White,Sunday   ,1061434
Johnson White,Sunday   ,4306774
Johnson White,Sunday   ,25098
Johnson White,Sunday   ,554355
Johnson White,Sunday   ,391986
Johnson White,Sunday   ,1957625
Johnson White,Sunday   ,75295
Johnson White,Sunday   ,720662
Johnson White,Sunday   ,100394
Johnson White,Sunday   ,279990
Johnson White,Sunday   ,3132199
Johnson White,Sunday   ,1202958
Johnson White,Sunday   ,990672
Johnson White,Sunday   ,150590
Johnson White,Sunday   ,125492
Johnson White,Sunday   ,1566100
Johnson White,Sunday   ,665226
Johnson White,Sunday   ,1132196
Johnson White,Sunday   ,1061434
Johnson White,Sunday   ,6264398
Johnson White,Sunday   ,125492
Johnson White,Sunday   ,75295
Johnson White,Sunday   ,886968
Johnson White,Sunday   ,3523724
Johnson White,Sunday   ,223992
Johnson White,Sunday   ,831533
Johnson White,Sunday   ,1132196
Johnson White,Sunday   ,5872874
Johnson White,Sunday   ,223992
Johnson White,Sunday   ,4306774
Johnson White,Sunday   ,4698299
Johnson White,Sunday   ,111996
Johnson White,Sunday   ,279990
Johnson White,Sunday   ,886968
Johnson White,Sunday   ,279990
Johnson White,Sunday   ,1132196
Livia Karsen,Sunday   ,296856
Livia Karsen,Sunday   ,7279708
Livia Karsen,Sunday   ,9099635
Livia Karsen,Sunday   ,1511420
Livia Karsen,Sunday   ,222642
Livia Karsen,Sunday   ,3639854
Livia Karsen,Sunday   ,14559417
Livia Karsen,Sunday   ,1511420
Livia Karsen,Sunday   ,755710
Livia Karsen,Sunday   ,194509
Livia Karsen,Sunday   ,137826
Livia Karsen,Sunday   ,190836
Livia Karsen,Sunday   ,7279708
Livia Karsen,Sunday   ,1511420
Livia Karsen,Sunday   ,755710
Livia Karsen,Sunday   ,1819927
Livia Karsen,Sunday   ,159030
Livia Karsen,Sunday   ,9099635
Livia Karsen,Sunday   ,137826
Livia Karsen,Sunday   ,9099635
Livia Karsen,Sunday   ,10919562
Livia Karsen,Sunday   ,148428
Livia Karsen,Sunday   ,7279708
Livia Karsen,Sunday   ,14559417
Livia Karsen,Sunday   ,12739489
Livia Karsen,Sunday   ,201438
Livia Karsen,Sunday   ,2015227
Livia Karsen,Sunday   ,1511420
Livia Karsen,Sunday   ,1819927
Livia Karsen,Sunday   ,190836
Livia Karsen,Sunday   ,1763323
Livia Karsen,Sunday   ,1259517
Livia Karsen,Sunday   ,251903
Livia Karsen,Sunday   ,169632
Livia Karsen,Sunday   ,275652
Livia Karsen,Sunday   ,1511420
Livia Karsen,Sunday   ,180234
Livia Karsen,Sunday   ,137826
Livia Karsen,Sunday   ,159030
Livia Karsen,Sunday   ,755710
Livia Karsen,Sunday   ,9099635
Livia Karsen,Sunday   ,755710
Livia Karsen,Sunday   ,1007613
Marjorie Green,Sunday   ,276408
Marjorie Green,Sunday   ,1154108
Marjorie Green,Sunday   ,213588
Marjorie Green,Sunday   ,62820
Marjorie Green,Sunday   ,0
Marjorie Green,Sunday   ,1615751
Marjorie Green,Sunday   ,7280226
Marjorie Green,Sunday   ,4853484
Marjorie Green,Sunday   ,0
Marjorie Green,Sunday   ,0
Marjorie Green,Sunday   ,1231048
Marjorie Green,Sunday   ,213588
Marjorie Green,Sunday   ,3813452
Marjorie Green,Sunday   ,1077167
Marjorie Green,Sunday   ,188460
Marjorie Green,Sunday   ,3813452
Marjorie Green,Sunday   ,163332
Marjorie Green,Sunday   ,276408
Marjorie Green,Sunday   ,0
Marjorie Green,Sunday   ,3813452
Marjorie Green,Sunday   ,7626904
Marjorie Green,Sunday   ,201024
Marjorie Green,Sunday   ,0
Marjorie Green,Sunday   ,0
Marjorie Green,Sunday   ,6933549
Marjorie Green,Sunday   ,6240194
Marjorie Green,Sunday   ,0
Marjorie Green,Sunday   ,0
Marjorie Green,Sunday   ,6586872
Marjorie Green,Sunday   ,201024
Marjorie Green,Sunday   ,213588
Marjorie Green,Sunday   ,0
Marjorie Green,Sunday   ,7280226
Marjorie Green,Sunday   ,288972
Marjorie Green,Sunday   ,0
Marjorie Green,Sunday   ,7280226
Marjorie Green,Sunday   ,0
Marjorie Green,Sunday   ,1615751
Marjorie Green,Sunday   ,923286
Marjorie Green,Sunday   ,3813452
Marjorie Green,Sunday   ,175896
Marjorie Green,Sunday   ,1307989
Marjorie Green,Sunday   ,1231048
Marjorie Green,Sunday   ,1923513
Marjorie Green,Sunday   ,213588
Marjorie Green,Sunday   ,0
Marjorie Green,Sunday   ,1154108
Marjorie Green,Sunday   ,0
Marjorie Green,Sunday   ,0
Marjorie Green,Sunday   ,1384929
Marjorie Green,Sunday   ,1615751
Marjorie Green,Sunday   ,1384929
Marjorie Green,Sunday   ,5546839
Marjorie Green,Sunday   ,8320259
Marjorie Green,Sunday   ,150768
Marjorie Green,Sunday   ,1154108
Meander Smith,Sunday   ,32462
Meander Smith,Sunday   ,4562688
Meander Smith,Sunday   ,1754880
Meander Smith,Sunday   ,3860736
Meander Smith,Sunday   ,62682
Meander Smith,Sunday   ,2456832
Meander Smith,Sunday   ,104471
Meander Smith,Sunday   ,3509760
Meander Smith,Sunday   ,2807808
Meander Smith,Sunday   ,4913664
Meander Smith,Sunday   ,41788
Meander Smith,Sunday   ,4211712
Meander Smith,Sunday   ,167153
Meander Smith,Sunday   ,6317568
Meander Smith,Sunday   ,146259
Meander Smith,Sunday   ,4562688
Meander Smith,Sunday   ,125365
Meander Smith,Sunday   ,125365
Meander Smith,Sunday   ,62682
Meander Smith,Sunday   ,41788
Meander Smith,Sunday   ,41788
Meander Smith,Sunday   ,125365
Meander Smith,Sunday   ,62682
Meander Smith,Sunday   ,43283
Meander Smith,Sunday   ,54103
Meander Smith,Sunday   ,75745
Meander Smith,Sunday   ,54103
Meander Smith,Sunday   ,75745
Meander Smith,Sunday   ,43283
Meander Smith,Sunday   ,64924
Meander Smith,Sunday   ,21641
Meander Smith,Sunday   ,54103
Meander Smith,Sunday   ,54103
Meander Smith,Sunday   ,104471
Meander Smith,Sunday   ,32462
Meander Smith,Sunday   ,54103
Meander Smith,Sunday   ,54103
Meander Smith,Sunday   ,3158784
Meander Smith,Sunday   ,4562688
Meander Smith,Sunday   ,4913664
Meander Smith,Sunday   ,3158784
Michael O'Leary,Sunday   ,7746768
Michael O'Leary,Sunday   ,0
Michael O'Leary,Sunday   ,7746768
Michael O'Leary,Sunday   ,174025
Michael O'Leary,Sunday   ,0
Michael O'Leary,Sunday   ,12050528
Michael O'Leary,Sunday   ,137388
Michael O'Leary,Sunday   ,0
Michael O'Leary,Sunday   ,0
Michael O'Leary,Sunday   ,0
Michael O'Leary,Sunday   ,6025264
Michael O'Leary,Sunday   ,155706
Michael O'Leary,Sunday   ,0
Michael O'Leary,Sunday   ,0
Michael O'Leary,Sunday   ,9468272
Michael O'Leary,Sunday   ,164866
Michael O'Leary,Sunday   ,109910
Michael O'Leary,Sunday   ,0
Michael O'Leary,Sunday   ,0
Michael O'Leary,Sunday   ,6886016
Michael O'Leary,Sunday   ,6886016
Michael O'Leary,Sunday   ,128229
Michael O'Leary,Sunday   ,146547
Michael O'Leary,Sunday   ,0
Michael O'Leary,Sunday   ,201502
Michael O'Leary,Sunday   ,82433
Michael O'Leary,Sunday   ,0
Michael O'Leary,Sunday   ,0
Michael O'Leary,Sunday   ,0
Michael O'Leary,Sunday   ,9468272
Michael O'Leary,Sunday   ,5164512
Michael O'Leary,Sunday   ,0
Michael O'Leary,Sunday   ,0
Michael O'Leary,Sunday   ,13772032
Michael O'Leary,Sunday   ,0
Michael O'Leary,Sunday   ,0
Michael O'Leary,Sunday   ,0
Michael O'Leary,Sunday   ,0
Michael O'Leary,Sunday   ,12911280
Michael O'Leary,Sunday   ,0
Michael O'Leary,Sunday   ,0
Michael O'Leary,Sunday   ,7746768
Michael O'Leary,Sunday   ,174025
Michael O'Leary,Sunday   ,119070
Michael O'Leary,Sunday   ,0
Michael O'Leary,Sunday   ,0
Michael O'Leary,Sunday   ,0
Michael O'Leary,Sunday   ,100751
Michael O'Leary,Sunday   ,174025
Michael O'Leary,Sunday   ,0
Michael O'Leary,Sunday   ,0
Michael O'Leary,Sunday   ,6025264
Michael O'Leary,Sunday   ,0
Michael O'Leary,Sunday   ,0
Michael O'Leary,Sunday   ,164866
Michael O'Leary,Sunday   ,12050528
Michel DeFrance,Sunday   ,301054
Michel DeFrance,Sunday   ,10394969
Michel DeFrance,Sunday   ,351230
Michel DeFrance,Sunday   ,15574249
Michel DeFrance,Sunday   ,451581
Michel DeFrance,Sunday   ,12236910
Michel DeFrance,Sunday   ,15574249
Michel DeFrance,Sunday   ,551932
Michel DeFrance,Sunday   ,15574249
Michel DeFrance,Sunday   ,376317
Michel DeFrance,Sunday   ,16686696
Michel DeFrance,Sunday   ,376317
Michel DeFrance,Sunday   ,8899571
Michel DeFrance,Sunday   ,426493
Michel DeFrance,Sunday   ,22248927
Michel DeFrance,Sunday   ,22248927
Michel DeFrance,Sunday   ,326142
Michel DeFrance,Sunday   ,17009950
Michel DeFrance,Sunday   ,17009950
Michel DeFrance,Sunday   ,15574249
Michel DeFrance,Sunday   ,11339966
Michel DeFrance,Sunday   ,301054
Michel DeFrance,Sunday   ,8504975
Michel DeFrance,Sunday   ,27811159
Michel DeFrance,Sunday   ,13229961
Michel DeFrance,Sunday   ,602108
Michel DeFrance,Sunday   ,14174958
Michel DeFrance,Sunday   ,22248927
Michel DeFrance,Sunday   ,17799142
Michel DeFrance,Sunday   ,10394969
Michel DeFrance,Sunday   ,12236910
Michel DeFrance,Sunday   ,10394969
Michel DeFrance,Sunday   ,225790
Michel DeFrance,Sunday   ,12284964
Michel DeFrance,Sunday   ,17009950
Michel DeFrance,Sunday   ,376317
Michel DeFrance,Sunday   ,20789938
Michel DeFrance,Sunday   ,26698713
Michel DeFrance,Sunday   ,301054
Michel DeFrance,Sunday   ,9449972
Michel DeFrance,Sunday   ,9449972
Michel DeFrance,Sunday   ,501757
Morningstar Greene,Sunday   ,327672
Morningstar Greene,Sunday   ,539370
Morningstar Greene,Sunday   ,218448
Morningstar Greene,Sunday   ,784538
Morningstar Greene,Sunday   ,3379770
Morningstar Greene,Sunday   ,928928
Morningstar Greene,Sunday   ,2816475
Morningstar Greene,Sunday   ,1372941
Morningstar Greene,Sunday   ,5069655
Morningstar Greene,Sunday   ,422240
Morningstar Greene,Sunday   ,3379770
Morningstar Greene,Sunday   ,371362
Morningstar Greene,Sunday   ,349517
Morningstar Greene,Sunday   ,784538
Morningstar Greene,Sunday   ,1689885
Morningstar Greene,Sunday   ,2253180
Morningstar Greene,Sunday   ,760032
Morningstar Greene,Sunday   ,506688
Morningstar Greene,Sunday   ,931638
Morningstar Greene,Sunday   ,1225840
Morningstar Greene,Sunday   ,327672
Morningstar Greene,Sunday   ,262138
Morningstar Greene,Sunday   ,1689885
Morningstar Greene,Sunday   ,675584
Morningstar Greene,Sunday   ,349517
Morningstar Greene,Sunday   ,637437
Morningstar Greene,Sunday   ,844480
Morningstar Greene,Sunday   ,371362
Morningstar Greene,Sunday   ,506688
Morningstar Greene,Sunday   ,548912
Morningstar Greene,Sunday   ,371362
Morningstar Greene,Sunday   ,633360
Morningstar Greene,Sunday   ,2816475
Morningstar Greene,Sunday   ,548912
Morningstar Greene,Sunday   ,343235
Morningstar Greene,Sunday   ,717808
Morningstar Greene,Sunday   ,591136
Morningstar Greene,Sunday   ,833571
Morningstar Greene,Sunday   ,349517
Morningstar Greene,Sunday   ,675584
Morningstar Greene,Sunday   ,3943065
Morningstar Greene,Sunday   ,349517
Morningstar Greene,Sunday   ,4506360
Morningstar Greene,Sunday   ,415051
Morningstar Greene,Sunday   ,735504
Morningstar Greene,Sunday   ,539370
Morningstar Greene,Sunday   ,174758
Morningstar Greene,Sunday   ,349517
Morningstar Greene,Sunday   ,1689885
Morningstar Greene,Sunday   ,506688
Morningstar Greene,Sunday   ,3379770
Morningstar Greene,Sunday   ,2816475
Morningstar Greene,Sunday   ,4506360
Morningstar Greene,Sunday   ,833571
Morningstar Greene,Sunday   ,882605
Morningstar Greene,Sunday   ,637437
Reginald Blotchet-Halls,Sunday   ,3819278
Reginald Blotchet-Halls,Sunday   ,4092084
Reginald Blotchet-Halls,Sunday   ,3546473
Reginald Blotchet-Halls,Sunday   ,3819278
Reginald Blotchet-Halls,Sunday   ,2728056
Reginald Blotchet-Halls,Sunday   ,4637695
Reginald Blotchet-Halls,Sunday   ,1394064
Reginald Blotchet-Halls,Sunday   ,3273667
Reginald Blotchet-Halls,Sunday   ,5183306
Reginald Blotchet-Halls,Sunday   ,1045548
Reginald Blotchet-Halls,Sunday   ,580860
Reginald Blotchet-Halls,Sunday   ,3819278
Reginald Blotchet-Halls,Sunday   ,1510236
Reginald Blotchet-Halls,Sunday   ,3000862
Reginald Blotchet-Halls,Sunday   ,3819278
Reginald Blotchet-Halls,Sunday   ,3819278
Reginald Blotchet-Halls,Sunday   ,1394064
Reginald Blotchet-Halls,Sunday   ,877184
Reginald Blotchet-Halls,Sunday   ,822360
Reginald Blotchet-Halls,Sunday   ,1510236
Reginald Blotchet-Halls,Sunday   ,986832
Reginald Blotchet-Halls,Sunday   ,1161720
Reginald Blotchet-Halls,Sunday   ,822360
Reginald Blotchet-Halls,Sunday   ,493416
Reginald Blotchet-Halls,Sunday   ,813204
Reginald Blotchet-Halls,Sunday   ,1206128
Reginald Blotchet-Halls,Sunday   ,1277892
Reginald Blotchet-Halls,Sunday   ,767536
Reginald Blotchet-Halls,Sunday   ,822360
Reginald Blotchet-Halls,Sunday   ,813204
Reginald Blotchet-Halls,Sunday   ,822360
Reginald Blotchet-Halls,Sunday   ,986832
Reginald Blotchet-Halls,Sunday   ,697032
Reginald Blotchet-Halls,Sunday   ,822360
Reginald Blotchet-Halls,Sunday   ,877184
Reginald Blotchet-Halls,Sunday   ,1742580
Reginald Blotchet-Halls,Sunday   ,1510236
Reginald Blotchet-Halls,Sunday   ,328944
Reginald Blotchet-Halls,Sunday   ,1045548
Reginald Blotchet-Halls,Sunday   ,712712
Reginald Blotchet-Halls,Sunday   ,4637695
Reginald Blotchet-Halls,Sunday   ,2455250
Sheryl Hunter,Sunday   ,5564720
Sheryl Hunter,Sunday   ,4601416
Sheryl Hunter,Sunday   ,4393200
Sheryl Hunter,Sunday   ,15607
Sheryl Hunter,Sunday   ,31213
Sheryl Hunter,Sunday   ,8435930
Sheryl Hunter,Sunday   ,4217965
Sheryl Hunter,Sunday   ,33164
Sheryl Hunter,Sunday   ,29262
Sheryl Hunter,Sunday   ,21459
Sheryl Hunter,Sunday   ,5857600
Sheryl Hunter,Sunday   ,3807440
Sheryl Hunter,Sunday   ,4100320
Sheryl Hunter,Sunday   ,3834514
Sheryl Hunter,Sunday   ,7285576
Sheryl Hunter,Sunday   ,31213
Sheryl Hunter,Sunday   ,7669027
Sheryl Hunter,Sunday   ,3807440
Sheryl Hunter,Sunday   ,3221680
Sheryl Hunter,Sunday   ,40967
Sheryl Hunter,Sunday   ,4217965
Sheryl Hunter,Sunday   ,37066
Sheryl Hunter,Sunday   ,5368319
Sheryl Hunter,Sunday   ,33164
Sheryl Hunter,Sunday   ,5564720
Sheryl Hunter,Sunday   ,21459
Sheryl Hunter,Sunday   ,4393200
Sheryl Hunter,Sunday   ,4984868
Sheryl Hunter,Sunday   ,4601416
Sheryl Hunter,Sunday   ,6135222
Sheryl Hunter,Sunday   ,21459
Sheryl Hunter,Sunday   ,6135222
Sheryl Hunter,Sunday   ,4100320
Sheryl Hunter,Sunday   ,6518673
Sheryl Hunter,Sunday   ,31213
Sheryl Hunter,Sunday   ,9969736
Sheryl Hunter,Sunday   ,29262
Sheryl Hunter,Sunday   ,4978960
Sheryl Hunter,Sunday   ,4393200
Sheryl Hunter,Sunday   ,6150480
Sheryl Hunter,Sunday   ,21459
Sheryl Hunter,Sunday   ,3807440
Stearns MacFeather,Sunday   ,77985
Stearns MacFeather,Sunday   ,1165270
Stearns MacFeather,Sunday   ,58489
Stearns MacFeather,Sunday   ,658728
Stearns MacFeather,Sunday   ,9266
Stearns MacFeather,Sunday   ,741069
Stearns MacFeather,Sunday   ,58489
Stearns MacFeather,Sunday   ,10109
Stearns MacFeather,Sunday   ,946922
Stearns MacFeather,Sunday   ,576387
Stearns MacFeather,Sunday   ,13478
Stearns MacFeather,Sunday   ,494046
Stearns MacFeather,Sunday   ,12636
Stearns MacFeather,Sunday   ,155970
Stearns MacFeather,Sunday   ,932216
Stearns MacFeather,Sunday   ,12636
Stearns MacFeather,Sunday   ,494046
Stearns MacFeather,Sunday   ,9266
Stearns MacFeather,Sunday   ,658728
Stearns MacFeather,Sunday   ,9266
Stearns MacFeather,Sunday   ,932216
Stearns MacFeather,Sunday   ,77985
Stearns MacFeather,Sunday   ,8424
Stearns MacFeather,Sunday   ,494046
Stearns MacFeather,Sunday   ,1165270
Stearns MacFeather,Sunday   ,658728
Stearns MacFeather,Sunday   ,77985
Stearns MacFeather,Sunday   ,658728
Stearns MacFeather,Sunday   ,466108
Stearns MacFeather,Sunday   ,136474
Stearns MacFeather,Sunday   ,97481
Stearns MacFeather,Sunday   ,1398324
Stearns MacFeather,Sunday   ,19375
Stearns MacFeather,Sunday   ,1165270
Stearns MacFeather,Sunday   ,19496
Stearns MacFeather,Sunday   ,1165270
Stearns MacFeather,Sunday   ,136474
Stearns MacFeather,Sunday   ,1165270
Stearns MacFeather,Sunday   ,13478
Stearns MacFeather,Sunday   ,932216
Stearns MacFeather,Sunday   ,58489
Stearns MacFeather,Sunday   ,14321
Stearns MacFeather,Sunday   ,1398324
Stearns MacFeather,Sunday   ,116978
Stearns MacFeather,Sunday   ,932216
Stearns MacFeather,Sunday   ,19375
Stearns MacFeather,Sunday   ,15163
Stearns MacFeather,Sunday   ,9266
Stearns MacFeather,Sunday   ,2097487
Stearns MacFeather,Sunday   ,116978
Stearns MacFeather,Sunday   ,329364
Stearns MacFeather,Sunday   ,823410
Stearns MacFeather,Sunday   ,2097487
Stearns MacFeather,Sunday   ,77985
Stearns MacFeather,Sunday   ,741069
Stearns MacFeather,Sunday   ,699899
Sylvia Panteley,Sunday   ,2698240
Sylvia Panteley,Sunday   ,289198
Sylvia Panteley,Sunday   ,3732458
Sylvia Panteley,Sunday   ,2192320
Sylvia Panteley,Sunday   ,231358
Sylvia Panteley,Sunday   ,3110382
Sylvia Panteley,Sunday   ,4354535
Sylvia Panteley,Sunday   ,2866880
Sylvia Panteley,Sunday   ,3204160
Sylvia Panteley,Sunday   ,347038
Sylvia Panteley,Sunday   ,432460
Sylvia Panteley,Sunday   ,578396
Sylvia Panteley,Sunday   ,3204160
Sylvia Panteley,Sunday   ,5598688
Sylvia Panteley,Sunday   ,289198
Sylvia Panteley,Sunday   ,2488306
Sylvia Panteley,Sunday   ,173519
Sylvia Panteley,Sunday   ,1855040
Sylvia Panteley,Sunday   ,3110382
Sylvia Panteley,Sunday   ,3035520
Sylvia Panteley,Sunday   ,768818
Sylvia Panteley,Sunday   ,3204160
Sylvia Panteley,Sunday   ,720767
Sylvia Panteley,Sunday   ,3732458
Sylvia Panteley,Sunday   ,480511
Sylvia Panteley,Sunday   ,720767
Sylvia Panteley,Sunday   ,2866880
Sylvia Panteley,Sunday   ,528562
Sylvia Panteley,Sunday   ,2488306
Sylvia Panteley,Sunday   ,231358
Sylvia Panteley,Sunday   ,528562
Sylvia Panteley,Sunday   ,720767
Sylvia Panteley,Sunday   ,622076
Sylvia Panteley,Sunday   ,289198
Sylvia Panteley,Sunday   ,288307
Sylvia Panteley,Sunday   ,347038
Sylvia Panteley,Sunday   ,289198
Sylvia Panteley,Sunday   ,480511
Sylvia Panteley,Sunday   ,336358
Sylvia Panteley,Sunday   ,173519
Sylvia Panteley,Sunday   ,1866229
Sylvia Panteley,Sunday   ,4976611
Sylvia Panteley,Sunday   ,576613
Sylvia Panteley,Sunday   ,2866880
Sylvia Panteley,Sunday   ,2866880
Sylvia Panteley,Sunday   ,720767
Sylvia Panteley,Sunday   ,2488306
Sylvia Panteley,Sunday   ,1349120
Sylvia Panteley,Sunday   ,3710080
Sylvia Panteley,Sunday   ,289198
Sylvia Panteley,Sunday   ,404877
Sylvia Panteley,Sunday   ,576613
Sylvia Panteley,Sunday   ,3732458
Sylvia Panteley,Sunday   ,2488306
Sylvia Panteley,Sunday   ,115679
Sylvia Panteley,Sunday   ,2698240
Akiko Yokomoto,,
